PITG01000001.1:3214-3342	21314	100.000	42	0	0	1	42	1	42	2.69e-23	79.3
PITG01000001.1:3523-3690	21315	100.000	55	0	0	1	55	1	55	1.15e-35	111
PITG01000001.1:7765-7863	21316	100.000	32	0	0	1	32	1	32	5.54e-17	62.8
PITG01000001.1:8713-8898	21317	100.000	61	0	0	1	61	1	61	2.93e-39	120
PITG01000001.1:100561-100785	21882	51.724	58	28	0	12	69	2	59	1.51e-17	66.6
PITG01000001.1:100561-100785	25169	51.786	56	27	0	14	69	4	59	4.47e-16	63.2
PITG01000001.1:140464-140697	21318	100.000	77	0	0	1	77	1	77	1.58e-51	153
PITG01000001.1:149740-149826	21319	100.000	28	0	0	1	28	1	28	1.88e-13	53.5
PITG01000001.1:209062-209142	21320	100.000	26	0	0	1	26	1	26	9.60e-14	54.3
PITG01000001.1:214894-215016	21321	100.000	40	0	0	1	40	1	40	2.33e-24	82.0
PITG01000001.1:238177-238257	21322	100.000	26	0	0	1	26	1	26	2.29e-13	53.1
PITG01000001.1:238276-238356	21323	100.000	26	0	0	1	26	1	26	1.16e-14	56.6
PITG01000001.1:251332-251430	21324	100.000	32	0	0	1	32	1	32	2.62e-17	63.5
PITG01000001.1:288892-289089	CP003522:c(9320-9517)	55.172	29	13	0	34	62	33	61	5.64e-06	37.0
PITG01000001.1:296707-296811	21325	100.000	34	0	0	1	34	1	34	1.21e-19	69.7
PITG01000001.1:2696-2836	21326	100.000	46	0	0	1	46	1	46	1.79e-28	92.8
PITG01000001.1:3380-3499	21327	100.000	39	0	0	1	39	1	39	3.83e-24	81.3
PITG01000001.1:3977-4087	21328	100.000	36	0	0	1	36	1	36	2.44e-20	71.6
PITG01000001.1:9773-9919	21329	100.000	48	0	0	1	48	1	48	1.40e-29	95.5
PITG01000001.1:25499-25594	21330	100.000	31	0	0	1	31	1	31	1.23e-18	67.0
PITG01000001.1:27674-27754	21331	100.000	26	0	0	1	26	1	26	5.73e-14	54.7
PITG01000001.1:39194-39325	21332	100.000	43	0	0	1	43	1	43	1.88e-26	87.4
PITG01000001.1:44939-45028	21333	100.000	29	0	0	1	29	1	29	1.63e-16	61.2
PITG01000001.1:65456-65539	21334	100.000	27	0	0	1	27	1	27	2.16e-14	55.8
PITG01000001.1:73919-74017	21335	100.000	32	0	0	1	32	1	32	9.49e-19	67.0
PITG01000001.1:100448-100540	21336	100.000	30	0	0	1	30	1	30	8.21e-18	64.7
PITG01000001.1:100697-100804	21337	100.000	35	0	0	1	35	1	35	4.11e-20	70.9
PITG01000001.1:110381-110470	21338	100.000	29	0	0	1	29	1	29	6.86e-16	59.7
PITG01000001.1:126122-126211	21339	100.000	29	0	0	1	29	1	29	1.96e-16	61.2
PITG01000001.1:164828-164920	21340	100.000	30	0	0	1	30	1	30	7.06e-13	52.4
PITG01000001.1:171158-171313	21341	100.000	51	0	0	1	51	1	51	1.64e-30	98.2
PITG01000001.1:185027-185254	21342	100.000	75	0	0	1	75	1	75	2.23e-52	155
PITG01000001.1:190100-190252	21343	100.000	50	0	0	1	50	1	50	3.16e-33	105
PITG01000001.1:238445-238567	21344	100.000	40	0	0	1	40	1	40	7.46e-26	85.5
PITG01000001.1:241394-241495	21345	100.000	33	0	0	1	33	1	33	2.74e-18	66.2
PITG01000001.1:282761-282991	21346	100.000	76	0	0	1	76	1	76	3.99e-51	152
PITG01000001.1:290636-290806	21347	100.000	56	0	0	1	56	1	56	2.52e-36	113
PITG01000001.1:291161-291400	21348	100.000	79	0	0	1	79	1	79	4.11e-53	157
PITG01000001.1:294632-294724	21349	100.000	30	0	0	1	30	1	30	1.98e-15	58.5
PITG01000001.1:296036-296119	21350	100.000	27	0	0	1	27	1	27	1.76e-13	53.5
PITG01000001.1:296669-296788	21351	100.000	39	0	0	1	39	1	39	1.62e-23	79.7
PITG01000001.1:3744-3860	21352	100.000	38	0	0	1	38	1	38	1.15e-21	75.1
PITG01000001.1:8901-8996	21353	100.000	31	0	0	1	31	1	31	2.67e-17	63.5
PITG01000001.1:56943-57035	21354	100.000	30	0	0	1	30	1	30	1.21e-16	61.6
PITG01000001.1:100458-100553	21355	100.000	31	0	0	1	31	1	31	1.67e-18	66.6
PITG01000001.1:148902-148985	21356	100.000	27	0	0	1	27	1	27	8.66e-15	57.0
PITG01000001.1:185508-185597	21357	100.000	29	0	0	1	29	1	29	1.59e-14	56.2
PITG01000001.1:186852-187025	21358	100.000	57	0	0	1	57	1	57	1.46e-36	114
PITG01000001.1:241845-242045	21359	100.000	66	0	0	1	66	1	66	5.70e-44	133
PITG01000001.1:243375-243527	21360	100.000	50	0	0	1	50	1	50	6.20e-30	96.7
PITG01000001.1:279927-280040	21361	100.000	37	0	0	1	37	1	37	1.68e-23	79.3
PITG01000001.1:291003-291107	21362	100.000	34	0	0	1	34	1	34	6.56e-20	70.1
PITG01000001.1:296136-296243	21363	100.000	35	0	0	1	35	1	35	2.80e-20	71.2
PITG01000001.1:296955-297104	21364	100.000	49	0	0	1	49	1	49	4.13e-30	97.1
PITG01000001.1:298503-298622	21365	100.000	39	0	0	1	39	1	39	2.16e-18	66.6
PITG01000001.1:c(299198-299419)	PITG01000001:c(299198-299419)	100.000	73	0	0	1	73	1	73	1.36e-48	145
PITG01000001.1:c(217595-217720)	PITG01000001:c(217595-217720)	100.000	41	0	0	1	41	1	41	5.81e-25	83.6
PITG01000001.1:c(202178-202363)	PITG01000001:c(202178-202363)	100.000	61	0	0	1	61	1	61	1.60e-40	124
PITG01000001.1:c(190019-190150)	PITG01000001:c(190019-190150)	100.000	43	0	0	1	43	1	43	1.64e-27	90.1
PITG01000001.1:c(183542-183664)	PITG01000001:c(183542-183664)	100.000	40	0	0	1	40	1	40	2.54e-24	81.6
PITG01000001.1:c(158147-158233)	PITG01000001:c(158147-158233)	100.000	28	0	0	1	28	1	28	8.63e-16	59.3
PITG01000001.1:c(146288-146371)	PITG01000001:c(146288-146371)	100.000	27	0	0	1	27	1	27	4.86e-14	55.1
PITG01000001.1:c(132002-132085)	PITG01000001:c(132002-132085)	100.000	27	0	0	1	27	1	27	1.19e-14	56.6
PITG01000001.1:c(81029-81112)	PITG01000001:c(81029-81112)	100.000	27	0	0	1	27	1	27	4.40e-14	55.1
PITG01000001.1:c(73988-74140)	PITG01000001:c(73988-74140)	100.000	50	0	0	1	50	1	50	1.14e-30	98.6
PITG01000001.1:c(68285-68467)	CP002713:c(68016-68192)	60.465	43	16	1	12	54	3	44	1.50e-12	53.5
PITG01000001.1:c(39152-39241)	PITG01000001:c(39152-39241)	100.000	29	0	0	1	29	1	29	4.86e-17	62.8
PITG01000001.1:c(12671-12763)	PITG01000001:c(12671-12763)	100.000	30	0	0	1	30	1	30	1.60e-16	61.6
PITG01000001.1:c(11459-11545)	PITG01000001:c(11459-11545)	100.000	28	0	0	1	28	1	28	2.86e-15	58.2
PITG01000001.1:c(6425-6559)	PITG01000001:c(6425-6559)	100.000	44	0	0	1	44	1	44	6.24e-25	83.6
PITG01000001.1:c(11-100)	PITG01000008:c(11-115)	100.000	29	0	0	1	29	6	34	1.21e-17	64.3
PITG01000001.1:c(11-100)	PITG01000001:c(11-100)	100.000	29	0	0	1	29	1	29	1.24e-17	64.3
PITG01000001.1:c(289216-289296)	PITG01000001:c(289216-289296)	100.000	26	0	0	1	26	1	26	6.78e-13	52.0
PITG01000001.1:c(218734-218817)	PITG01000001:c(218734-218817)	100.000	27	0	0	1	27	1	27	2.04e-12	50.8
PITG01000001.1:c(218431-218565)	PITG01000001:c(218431-218565)	100.000	44	0	0	1	44	1	44	1.12e-28	93.2
PITG01000001.1:c(189832-189939)	PITG01000001:c(189832-189939)	100.000	35	0	0	1	35	1	35	1.07e-19	69.7
PITG01000001.1:c(184978-185202)	25238	65.714	70	24	0	5	74	3	72	9.84e-29	95.5
PITG01000001.1:c(184978-185202)	21953	61.429	70	27	0	5	74	3	72	4.63e-26	88.6
PITG01000001.1:c(183457-183651)	PITG01000001:c(183457-183651)	100.000	64	0	0	1	64	1	64	7.96e-44	132
PITG01000001.1:c(100570-100653)	PITG01000001:c(100570-100653)	100.000	27	0	0	1	27	1	27	2.77e-14	55.5
PITG01000001.1:c(80950-81072)	PITG01000001:c(80950-81072)	100.000	40	0	0	1	40	1	40	2.12e-23	79.3
PITG01000001.1:c(78244-78330)	PITG01000001:c(78244-78330)	100.000	28	0	0	1	28	1	28	2.66e-14	55.8
PITG01000001.1:c(65614-65718)	PITG01000001:c(65614-65718)	100.000	34	0	0	1	34	1	34	8.35e-20	70.1
PITG01000001.1:c(65296-65415)	PITG01000001:c(65296-65415)	100.000	39	0	0	1	39	1	39	3.96e-24	81.3
PITG01000001.1:c(56959-57081)	PITG01000001:c(56959-57081)	100.000	40	0	0	1	40	1	40	1.92e-23	79.7
PITG01000001.1:c(42202-42423)	PITG01000001:c(42202-42423)	100.000	73	0	0	1	73	1	73	3.20e-50	149
PITG01000001.1:c(41341-41439)	PITG01000001:c(41341-41439)	100.000	32	0	0	1	32	1	32	4.28e-20	70.5
PITG01000001.1:c(36190-36276)	PITG01000001:c(36190-36276)	100.000	28	0	0	1	28	1	28	2.37e-15	58.5
PITG01000001.1:c(27652-27783)	PITG01000001:c(27652-27783)	100.000	43	0	0	1	43	1	43	2.99e-23	79.3
PITG01000001.1:c(2680-2811)	PITG01000001:c(2680-2811)	100.000	43	0	0	1	43	1	43	1.01e-24	83.2
PITG01000001.1:c(298536-298616)	PITG01000001:c(298536-298616)	100.000	26	0	0	1	26	1	26	2.45e-12	50.8
PITG01000001.1:c(297420-297548)	PITG01000001:c(297420-297548)	100.000	42	0	0	1	42	1	42	7.76e-26	85.9
PITG01000001.1:c(296058-296156)	PITG01000001:c(296058-296156)	100.000	32	0	0	1	32	1	32	3.23e-19	68.6
PITG01000001.1:c(294879-295049)	PITG01000001:c(294879-295049)	100.000	56	0	0	1	56	1	56	8.25e-36	112
PITG01000001.1:c(294660-294740)	PITG01000001:c(294660-294740)	100.000	26	0	0	1	26	1	26	5.86e-14	54.7
PITG01000001.1:c(291219-291368)	PITG01000001:c(291219-291368)	100.000	49	0	0	1	49	1	49	1.85e-32	102
PITG01000001.1:c(251328-251426)	PITG01000001:c(251328-251426)	100.000	32	0	0	1	32	1	32	2.07e-16	61.2
PITG01000001.1:c(241566-241694)	PITG01000001:c(241566-241694)	100.000	42	0	0	1	42	1	42	2.86e-26	86.7
PITG01000001.1:c(198273-198362)	PITG01000001:c(198273-198362)	100.000	29	0	0	1	29	1	29	2.43e-17	63.5
PITG01000001.1:c(193005-193085)	PITG01000001:c(193005-193085)	100.000	26	0	0	1	26	1	26	8.66e-15	57.0
PITG01000001.1:c(185526-185609)	PITG01000001:c(185526-185609)	100.000	27	0	0	1	27	1	27	4.62e-13	52.4
PITG01000001.1:c(185337-185453)	PITG01000001:c(185337-185453)	100.000	38	0	0	1	38	1	38	9.83e-23	77.8
PITG01000001.1:c(183339-183470)	PITG01000001:c(183339-183470)	100.000	43	0	0	1	43	1	43	5.70e-26	86.3
PITG01000001.1:c(164667-164756)	PITG01000001:c(164667-164756)	100.000	29	0	0	1	29	1	29	2.29e-16	60.8
PITG01000001.1:c(74031-74144)	PITG01000001:c(74031-74144)	100.000	37	0	0	1	37	1	37	2.08e-22	76.6
PITG01000001.1:c(57081-57161)	PITG01000001:c(57081-57161)	100.000	26	0	0	1	26	1	26	1.53e-14	56.2
PITG01000001.1:c(22809-22898)	PITG01000001:c(22809-22898)	100.000	29	0	0	1	29	1	29	8.89e-17	62.0
PITG01000001.1:c(13854-13952)	PITG01000001:c(13854-13952)	100.000	32	0	0	1	32	1	32	8.93e-20	69.7
PITG01000001.1:c(2814-2897)	PITG01000001:c(2814-2897)	100.000	27	0	0	1	27	1	27	3.25e-13	52.8
PITG01000002.1:2443-2592	21366	100.000	49	0	0	1	49	1	49	1.90e-29	95.5
PITG01000002.1:11104-11328	CP003519:c(87992-88228)	47.826	69	36	0	6	74	7	75	6.96e-21	75.5
PITG01000002.1:11104-11328	CP002714:c(93413-93649)	43.478	69	39	0	6	74	7	75	2.33e-18	69.3
PITG01000002.1:14179-14283	21367	100.000	34	0	0	1	34	1	34	7.52e-19	67.4
PITG01000002.1:22468-22569	21368	100.000	33	0	0	1	33	1	33	2.08e-20	71.6
PITG01000002.1:22615-22848	CP002714:c(82620-82853)	97.403	77	2	0	1	77	1	77	5.55e-52	154
PITG01000002.1:22615-22848	CP003519:c(77277-77510)	96.104	77	3	0	1	77	1	77	2.32e-51	152
PITG01000002.1:22615-22848	ACOL01000001BRL01_000001:c(56352-56585)	38.961	77	46	1	1	76	1	77	1.29e-15	62.4
PITG01000002.1:22615-22848	25376	41.558	77	44	1	1	76	1	77	2.15e-14	59.3
PITG01000002.1:30193-30375	21369	100.000	60	0	0	1	60	1	60	6.39e-41	125
PITG01000002.1:40690-40809	21370	100.000	39	0	0	1	39	1	39	3.25e-24	81.3
PITG01000002.1:86587-86682	21371	100.000	31	0	0	1	31	1	31	1.17e-17	64.3
PITG01000002.1:93454-93552	21372	100.000	32	0	0	1	32	1	32	1.71e-17	63.9
PITG01000002.1:102661-102753	PITG01000008:c(136804-136896)	100.000	30	0	0	1	30	1	30	1.23e-16	61.6
PITG01000002.1:102661-102753	21373	100.000	30	0	0	1	30	1	30	1.23e-16	61.6
PITG01000002.1:105295-105396	PITG01000008:c(134161-134262)	100.000	33	0	0	1	33	1	33	4.22e-17	63.2
PITG01000002.1:105295-105396	21374	100.000	33	0	0	1	33	1	33	4.22e-17	63.2
PITG01000002.1:105430-105537	PITG01000008:c(134020-134127)	100.000	35	0	0	1	35	1	35	7.95e-20	70.1
PITG01000002.1:105430-105537	21375	100.000	35	0	0	1	35	1	35	7.95e-20	70.1
PITG01000002.1:106603-106701	21376	100.000	32	0	0	1	32	1	32	2.45e-17	63.5
PITG01000002.1:106765-106845	21377	100.000	26	0	0	1	26	1	26	1.33e-12	51.2
PITG01000002.1:113053-113187	21378	100.000	44	0	0	1	44	1	44	2.79e-28	92.0
PITG01000002.1:121552-121719	21379	100.000	55	0	0	1	55	1	55	5.85e-34	107
PITG01000002.1:125266-125457	21380	100.000	63	0	0	1	63	1	63	3.72e-39	120
PITG01000002.1:142849-142932	21381	100.000	27	0	0	1	27	1	27	4.89e-15	57.4
PITG01000002.1:160279-160392	21382	100.000	37	0	0	1	37	1	37	1.27e-20	72.4
PITG01000002.1:173410-173622	21383	100.000	70	0	0	1	70	1	70	1.32e-49	147
PITG01000002.1:187615-187740	21908	75.758	33	8	0	8	40	2	34	1.14e-13	55.1
PITG01000002.1:187615-187740	25190	82.759	29	5	0	8	36	4	32	2.25e-12	51.6
PITG01000002.1:187615-187740	ACOL01004132BRL01_004132:c(267-371)	68.000	25	8	0	15	39	5	29	1.65e-06	37.0
PITG01000002.1:208249-208344	21384	100.000	31	0	0	1	31	1	31	2.54e-18	66.2
PITG01000002.1:224620-224706	21385	100.000	28	0	0	1	28	1	28	5.62e-16	60.1
PITG01000002.1:238189-238320	21386	100.000	43	0	0	1	43	1	43	3.67e-26	86.7
PITG01000002.1:238369-238449	21387	100.000	26	0	0	1	26	1	26	3.29e-13	52.8
PITG01000002.1:239605-239736	PITG01000015:c(708-839)	100.000	43	0	0	1	43	1	43	1.61e-26	87.4
PITG01000002.1:239605-239736	21484	100.000	43	0	0	1	43	1	43	1.61e-26	87.4
PITG01000002.1:239605-239736	21388	100.000	43	0	0	1	43	1	43	1.61e-26	87.4
PITG01000002.1:3749-3841	21389	100.000	30	0	0	1	30	1	30	1.73e-15	58.9
PITG01000002.1:18626-18706	21390	100.000	26	0	0	1	26	1	26	3.21e-13	52.8
PITG01000002.1:22451-22588	21391	100.000	45	0	0	1	45	1	45	1.71e-29	95.1
PITG01000002.1:66668-66757	21392	100.000	29	0	0	1	29	1	29	2.31e-16	60.8
PITG01000002.1:102290-102391	PITG01000008:c(137166-137267)	100.000	33	0	0	1	33	1	33	2.00e-19	68.9
PITG01000002.1:102290-102391	21393	100.000	33	0	0	1	33	1	33	2.00e-19	68.9
PITG01000002.1:105236-105370	PITG01000008:c(134187-134321)	100.000	44	0	0	1	44	1	44	8.63e-24	80.9
PITG01000002.1:105236-105370	21394	100.000	44	0	0	1	44	1	44	8.63e-24	80.9
PITG01000002.1:121397-121477	21395	100.000	26	0	0	1	26	1	26	4.05e-13	52.8
PITG01000002.1:122225-122350	21396	100.000	41	0	0	1	41	1	41	1.09e-25	85.1
PITG01000002.1:147068-147160	21397	100.000	30	0	0	1	30	1	30	4.31e-15	57.8
PITG01000002.1:151307-151402	21398	100.000	31	0	0	1	31	1	31	2.67e-17	63.5
PITG01000002.1:233768-233851	21399	100.000	27	0	0	1	27	1	27	4.52e-13	52.4
PITG01000002.1:239846-239947	PITG01000015:c(497-598)	100.000	33	0	0	1	33	1	33	1.71e-16	61.6
PITG01000002.1:239846-239947	21494	100.000	33	0	0	1	33	1	33	1.71e-16	61.6
PITG01000002.1:239846-239947	21400	100.000	33	0	0	1	33	1	33	1.71e-16	61.6
PITG01000002.1:2907-3089	21401	100.000	60	0	0	1	60	1	60	5.72e-39	120
PITG01000002.1:6792-6935	21402	100.000	47	0	0	1	47	1	47	7.72e-28	91.3
PITG01000002.1:30798-30878	21403	100.000	26	0	0	1	26	1	26	7.79e-14	54.3
PITG01000002.1:52959-53072	21404	100.000	37	0	0	1	37	1	37	9.55e-23	77.8
PITG01000002.1:64131-64235	21405	100.000	34	0	0	1	34	1	34	9.17e-17	62.4
PITG01000002.1:108351-108467	21406	100.000	38	0	0	1	38	1	38	1.53e-23	79.7
PITG01000002.1:110565-110705	21407	100.000	46	0	0	1	46	1	46	1.81e-28	92.8
PITG01000002.1:111141-111290	21408	100.000	49	0	0	1	49	1	49	2.30e-31	100
PITG01000002.1:122208-122336	21409	100.000	42	0	0	1	42	1	42	5.11e-24	81.3
PITG01000002.1:173403-173495	21410	100.000	30	0	0	1	30	1	30	4.39e-18	65.5
PITG01000002.1:210471-210623	21411	100.000	50	0	0	1	50	1	50	3.20e-26	87.4
PITG01000002.1:210888-210968	21412	100.000	26	0	0	1	26	1	26	5.63e-13	52.4
PITG01000002.1:232803-232955	21413	100.000	50	0	0	1	50	1	50	3.96e-32	102
PITG01000002.1:238260-238376	21414	100.000	38	0	0	1	38	1	38	1.29e-22	77.4
PITG01000002.1:c(234551-234646)	PITG01000002:c(234551-234646)	100.000	31	0	0	1	31	1	31	1.62e-18	66.6
PITG01000002.1:c(229472-229579)	PITG01000002:c(229472-229579)	100.000	35	0	0	1	35	1	35	6.14e-21	72.8
PITG01000002.1:c(210383-210574)	PITG01000002:c(210383-210574)	100.000	63	0	0	1	63	1	63	1.31e-38	119
PITG01000002.1:c(206312-206515)	CP003527:c(11475-11672)	79.661	59	12	0	9	67	7	65	2.79e-31	101
PITG01000002.1:c(206312-206515)	22058	77.966	59	13	0	9	67	7	65	9.44e-31	99.8
PITG01000002.1:c(151295-151396)	PITG01000002:c(151295-151396)	100.000	33	0	0	1	33	1	33	8.97e-20	69.7
PITG01000002.1:c(125147-125230)	PITG01000002:c(125147-125230)	100.000	27	0	0	1	27	1	27	3.02e-15	58.2
PITG01000002.1:c(115748-115843)	PITG01000002:c(115748-115843)	100.000	31	0	0	1	31	1	31	1.37e-17	64.3
PITG01000002.1:c(110405-110521)	PITG01000002:c(110405-110521)	100.000	38	0	0	1	38	1	38	9.20e-23	77.8
PITG01000002.1:c(106823-106945)	PITG01000002:c(106823-106945)	100.000	40	0	0	1	40	1	40	8.52e-24	80.5
PITG01000002.1:c(105053-105163)	21546	100.000	36	0	0	1	36	1	36	2.40e-21	73.9
PITG01000002.1:c(105053-105163)	PITG01000002:c(105053-105163)	100.000	36	0	0	1	36	1	36	2.40e-21	73.9
PITG01000002.1:c(104846-104998)	21547	100.000	50	0	0	1	50	1	50	3.09e-33	105
PITG01000002.1:c(104846-104998)	PITG01000002:c(104846-104998)	100.000	50	0	0	1	50	1	50	3.09e-33	105
PITG01000002.1:c(66677-66805)	PITG01000002:c(66677-66805)	100.000	42	0	0	1	42	1	42	3.19e-24	81.6
PITG01000002.1:c(66677-66805)	25191	41.667	36	21	0	2	37	4	39	4.42e-06	36.2
PITG01000002.1:c(30803-30889)	PITG01000002:c(30803-30889)	100.000	28	0	0	1	28	1	28	5.38e-16	60.1
PITG01000002.1:c(11159-11260)	PITG01000002:c(11159-11260)	100.000	33	0	0	1	33	1	33	1.79e-19	68.9
PITG01000002.1:c(200212-200301)	PITG01000002:c(200212-200301)	100.000	29	0	0	1	29	1	29	2.12e-14	56.2
PITG01000002.1:c(198415-198498)	PITG01000002:c(198415-198498)	100.000	27	0	0	1	27	1	27	1.75e-14	56.2
PITG01000002.1:c(183808-183996)	PITG01000002:c(183808-183996)	100.000	62	0	0	1	62	1	62	5.00e-41	125
PITG01000002.1:c(128668-128775)	PITG01000002:c(128668-128775)	100.000	35	0	0	1	35	1	35	2.91e-19	68.6
PITG01000002.1:c(115891-115983)	PITG01000002:c(115891-115983)	100.000	30	0	0	1	30	1	30	2.06e-15	58.5
PITG01000002.1:c(115696-115836)	PITG01000002:c(115696-115836)	100.000	46	0	0	1	46	1	46	2.07e-28	92.4
PITG01000002.1:c(110437-110529)	PITG01000002:c(110437-110529)	100.000	30	0	0	1	30	1	30	2.14e-17	63.5
PITG01000002.1:c(105598-105714)	21519	100.000	38	0	0	1	38	1	38	2.23e-21	74.3
PITG01000002.1:c(105598-105714)	PITG01000002:c(105598-105714)	100.000	38	0	0	1	38	1	38	2.23e-21	74.3
PITG01000002.1:c(105367-105531)	21520	100.000	54	0	0	1	54	1	54	1.66e-35	110
PITG01000002.1:c(105367-105531)	PITG01000002:c(105367-105531)	100.000	54	0	0	1	54	1	54	1.66e-35	110
PITG01000002.1:c(105160-105264)	21521	100.000	34	0	0	1	34	1	34	1.95e-19	68.9
PITG01000002.1:c(105160-105264)	PITG01000002:c(105160-105264)	100.000	34	0	0	1	34	1	34	1.95e-19	68.9
PITG01000002.1:c(102544-102627)	21522	100.000	27	0	0	1	27	1	27	6.49e-13	52.0
PITG01000002.1:c(102544-102627)	PITG01000002:c(102544-102627)	100.000	27	0	0	1	27	1	27	6.49e-13	52.0
PITG01000002.1:c(76855-76950)	PITG01000002:c(76855-76950)	100.000	31	0	0	1	31	1	31	3.71e-17	63.2
PITG01000002.1:c(37855-37935)	PITG01000002:c(37855-37935)	100.000	26	0	0	1	26	1	26	4.14e-13	52.8
PITG01000002.1:c(18529-18627)	PITG01000007:c(39778-39876)	100.000	32	0	0	1	32	1	32	1.92e-16	61.2
PITG01000002.1:c(18529-18627)	PITG01000002:c(18529-18627)	100.000	32	0	0	1	32	1	32	1.92e-16	61.2
PITG01000002.1:c(233922-234047)	PITG01000002:c(233922-234047)	100.000	41	0	0	1	41	1	41	1.64e-25	84.7
PITG01000002.1:c(233703-233900)	PITG01000002:c(233703-233900)	100.000	65	0	0	1	65	1	65	3.44e-41	126
PITG01000002.1:c(218901-219050)	PITG01000002:c(218901-219050)	100.000	49	0	0	1	49	1	49	2.13e-24	82.8
PITG01000002.1:c(190599-190682)	PITG01000002:c(190599-190682)	100.000	27	0	0	1	27	1	27	4.81e-14	55.1
PITG01000002.1:c(176679-176771)	PITG01000002:c(176679-176771)	100.000	30	0	0	1	30	1	30	7.15e-15	57.4
PITG01000002.1:c(164340-164426)	PITG01000002:c(164340-164426)	100.000	28	0	0	1	28	1	28	1.84e-15	58.5
PITG01000002.1:c(160296-160403)	PITG01000002:c(160296-160403)	100.000	35	0	0	1	35	1	35	5.47e-18	65.5
PITG01000002.1:c(109434-109601)	CP003519:c(90209-90331)	66.667	27	9	0	7	33	6	32	8.68e-09	43.1
PITG01000002.1:c(109212-109295)	PITG01000002:c(109212-109295)	100.000	27	0	0	1	27	1	27	1.23e-15	58.9
PITG01000002.1:c(108498-108644)	PITG01000002:c(108498-108644)	100.000	48	0	0	1	48	1	48	9.52e-30	95.9
PITG01000002.1:c(108228-108431)	PITG01000002:c(108228-108431)	100.000	67	0	0	1	67	1	67	6.96e-42	128
PITG01000002.1:c(106563-106766)	PITG01000002:c(106563-106766)	100.000	67	0	0	1	67	1	67	1.02e-44	135
PITG01000002.1:c(105393-105473)	21534	100.000	26	0	0	1	26	1	26	5.79e-14	54.7
PITG01000002.1:c(105393-105473)	PITG01000002:c(105393-105473)	100.000	26	0	0	1	26	1	26	5.79e-14	54.7
PITG01000002.1:c(104634-104744)	21535	100.000	36	0	0	1	36	1	36	1.18e-21	74.7
PITG01000002.1:c(104634-104744)	PITG01000002:c(104634-104744)	100.000	36	0	0	1	36	1	36	1.18e-21	74.7
PITG01000002.1:c(103989-104072)	21536	100.000	27	0	0	1	27	1	27	2.26e-13	53.1
PITG01000002.1:c(103989-104072)	PITG01000002:c(103989-104072)	100.000	27	0	0	1	27	1	27	2.26e-13	53.1
PITG01000002.1:c(102132-102308)	21537	100.000	58	0	0	1	58	1	58	9.22e-39	119
PITG01000002.1:c(102132-102308)	PITG01000002:c(102132-102308)	100.000	58	0	0	1	58	1	58	9.22e-39	119
PITG01000002.1:c(86328-86501)	21889	65.957	47	16	0	1	47	1	47	1.17e-17	66.2
PITG01000002.1:c(82941-83036)	PITG01000002:c(82941-83036)	100.000	31	0	0	1	31	1	31	1.01e-18	67.0
PITG01000002.1:c(29841-30041)	PITG01000002:c(29841-30041)	100.000	66	0	0	1	66	1	66	1.41e-42	129
PITG01000002.1:c(20301-20456)	PITG01000002:c(20301-20456)	100.000	51	0	0	1	51	1	51	3.25e-30	97.4
PITG01000002.1:c(7278-7445)	PITG01000002:c(7278-7445)	100.000	55	0	0	1	55	1	55	1.36e-36	114
PITG01000002.1:c(7278-7445)	PITG01000010:c(1229-1327)	68.750	32	9	1	13	43	1	32	4.95e-09	43.9
PITG01000002.1:c(4548-4703)	PITG01000002:c(4548-4703)	100.000	51	0	0	1	51	1	51	1.99e-33	105
PITG01000002.1:c(54-170)	PITG01000002:c(54-170)	100.000	38	0	0	1	38	1	38	7.89e-23	77.8
PITG01000003.1:9529-9624	21415	100.000	31	0	0	1	31	1	31	4.10e-17	63.2
PITG01000003.1:75148-75234	21416	100.000	28	0	0	1	28	1	28	1.04e-14	56.6
PITG01000003.1:76384-76560	21417	100.000	58	0	0	1	58	1	58	3.95e-37	115
PITG01000003.1:84685-84774	21418	100.000	29	0	0	1	29	1	29	2.94e-14	55.8
PITG01000003.1:89431-89643	21419	100.000	70	0	0	1	70	1	70	3.12e-45	136
PITG01000003.1:94888-95049	21420	100.000	53	0	0	1	53	1	53	8.76e-34	106
PITG01000003.1:106030-106149	21421	100.000	39	0	0	1	39	1	39	1.00e-24	82.8
PITG01000003.1:108166-108249	21422	100.000	27	0	0	1	27	1	27	2.38e-14	55.8
PITG01000003.1:112006-112092	21423	100.000	28	0	0	1	28	1	28	1.61e-15	58.9
PITG01000003.1:158029-158205	CP003520:c(29773-29874)	96.154	26	1	0	1	26	1	26	1.56e-13	55.5
PITG01000003.1:173464-173574	21424	100.000	36	0	0	1	36	1	36	1.42e-21	74.7
PITG01000003.1:6518-6634	21425	100.000	38	0	0	1	38	1	38	2.30e-21	74.3
PITG01000003.1:33542-33634	21426	100.000	30	0	0	1	30	1	30	1.15e-16	62.0
PITG01000003.1:51608-51703	21427	100.000	31	0	0	1	31	1	31	2.42e-17	63.5
PITG01000003.1:62600-62680	21428	100.000	26	0	0	1	26	1	26	3.46e-14	55.5
PITG01000003.1:126086-126196	21429	100.000	36	0	0	1	36	1	36	8.54e-20	70.1
PITG01000003.1:128840-128965	21430	100.000	41	0	0	1	41	1	41	4.11e-24	81.3
PITG01000003.1:160358-160465	21431	100.000	35	0	0	1	35	1	35	5.24e-18	65.5
PITG01000003.1:6420-6521	21432	100.000	33	0	0	1	33	1	33	8.40e-18	64.7
PITG01000003.1:6972-7058	21433	100.000	28	0	0	1	28	1	28	1.18e-13	53.9
PITG01000003.1:11235-11327	21434	100.000	30	0	0	1	30	1	30	1.91e-17	63.9
PITG01000003.1:17883-17969	21435	100.000	28	0	0	1	28	1	28	1.15e-14	56.6
PITG01000003.1:54963-55076	21436	100.000	37	0	0	1	37	1	37	1.59e-21	74.7
PITG01000003.1:57822-57905	21437	100.000	27	0	0	1	27	1	27	2.71e-14	55.5
PITG01000003.1:65100-65300	21438	100.000	66	0	0	1	66	1	66	2.57e-45	136
PITG01000003.1:80892-81050	21439	100.000	52	0	0	1	52	1	52	3.87e-30	97.4
PITG01000003.1:106110-106205	21440	100.000	31	0	0	1	31	1	31	4.10e-17	63.2
PITG01000003.1:124743-124865	21441	100.000	40	0	0	1	40	1	40	8.71e-26	85.5
PITG01000003.1:155943-156125	21442	100.000	60	0	0	1	60	1	60	9.33e-40	122
PITG01000003.1:165297-165377	21443	100.000	26	0	0	1	26	1	26	5.34e-15	57.4
PITG01000003.1:169959-170048	21444	100.000	29	0	0	1	29	1	29	3.67e-16	60.5
PITG01000003.1:170082-170222	21445	100.000	46	0	0	1	46	1	46	1.51e-25	85.1
PITG01000003.1:c(170032-170115)	PITG01000003:c(170032-170115)	100.000	27	0	0	1	27	1	27	4.58e-15	57.8
PITG01000003.1:c(165361-165465)	PITG01000003:c(165361-165465)	100.000	34	0	0	1	34	1	34	5.78e-19	67.8
PITG01000003.1:c(156034-156153)	PITG01000003:c(156034-156153)	100.000	39	0	0	1	39	1	39	2.91e-24	81.6
PITG01000003.1:c(155938-156024)	PITG01000003:c(155938-156024)	100.000	28	0	0	1	28	1	28	8.68e-17	62.0
PITG01000003.1:c(108235-108324)	PITG01000003:c(108235-108324)	100.000	29	0	0	1	29	1	29	5.91e-15	57.4
PITG01000003.1:c(108088-108195)	PITG01000003:c(108088-108195)	100.000	35	0	0	1	35	1	35	1.47e-21	74.3
PITG01000003.1:c(33199-33363)	PITG01000003:c(33199-33363)	100.000	54	0	0	1	54	1	54	6.22e-37	114
PITG01000003.1:c(21676-21840)	PITG01000003:c(21676-21840)	100.000	54	0	0	1	54	1	54	1.15e-34	108
PITG01000003.1:c(134337-134420)	PITG01000003:c(134337-134420)	100.000	27	0	0	1	27	1	27	7.25e-13	52.0
PITG01000003.1:c(108117-108242)	PITG01000003:c(108117-108242)	100.000	41	0	0	1	41	1	41	4.85e-24	81.3
PITG01000003.1:c(76131-76328)	PITG01000003:c(76131-76328)	100.000	65	0	0	1	65	1	65	7.27e-43	130
PITG01000003.1:c(23712-23819)	PITG01000003:c(23712-23819)	100.000	35	0	0	1	35	1	35	1.41e-21	74.7
PITG01000003.1:c(21579-21665)	PITG01000003:c(21579-21665)	100.000	28	0	0	1	28	1	28	1.85e-14	56.2
PITG01000003.1:c(6912-6992)	PITG01000003:c(6912-6992)	100.000	26	0	0	1	26	1	26	3.46e-14	55.5
PITG01000003.1:c(170072-170248)	25197	40.000	55	33	0	3	57	2	56	3.28e-12	52.4
PITG01000003.1:c(170072-170248)	21921	42.857	56	31	1	3	58	2	56	2.84e-11	50.1
PITG01000003.1:c(165422-165580)	PITG01000003:c(165422-165580)	100.000	52	0	0	1	52	1	52	8.51e-33	103
PITG01000003.1:c(94910-95011)	PITG01000003:c(94910-95011)	100.000	33	0	0	1	33	1	33	6.04e-18	65.1
PITG01000003.1:c(80960-81103)	PITG01000003:c(80960-81103)	100.000	47	0	0	1	47	1	47	1.23e-29	95.5
PITG01000003.1:c(62729-62836)	PITG01000003:c(62729-62836)	100.000	35	0	0	1	35	1	35	2.74e-20	71.2
PITG01000003.1:c(58919-59002)	PITG01000003:c(58919-59002)	100.000	27	0	0	1	27	1	27	2.55e-13	53.1
PITG01000003.1:c(54842-54934)	PITG01000003:c(54842-54934)	100.000	30	0	0	1	30	1	30	2.57e-17	63.5
PITG01000003.1:c(54842-54934)	JACCJH010000005:c(3169-3312)	58.621	29	12	0	1	29	1	29	6.01e-06	35.0
PITG01000003.1:c(6989-7072)	PITG01000003:c(6989-7072)	100.000	27	0	0	1	27	1	27	5.59e-12	49.7
PITG01000004.1:5563-5646	21446	100.000	27	0	0	1	27	1	27	3.02e-15	58.2
PITG01000004.1:7258-7464	21447	100.000	68	0	0	1	68	1	68	9.81e-45	135
PITG01000004.1:21868-21984	21448	100.000	38	0	0	1	38	1	38	6.40e-23	78.2
PITG01000004.1:22477-22569	21449	100.000	30	0	0	1	30	1	30	6.70e-17	62.4
PITG01000004.1:48316-48474	21450	100.000	52	0	0	1	52	1	52	2.34e-34	107
PITG01000004.1:70249-70482	25225	64.062	64	22	1	14	77	4	66	1.31e-25	87.4
PITG01000004.1:70249-70482	21929	65.625	64	21	1	14	77	4	66	3.35e-25	86.3
PITG01000004.1:93640-93729	21451	100.000	29	0	0	1	29	1	29	4.25e-15	57.8
PITG01000004.1:110206-110286	21452	100.000	26	0	0	1	26	1	26	3.90e-14	55.1
PITG01000004.1:150751-150855	21453	100.000	34	0	0	1	34	1	34	9.02e-20	70.1
PITG01000004.1:175741-175821	21454	100.000	26	0	0	1	26	1	26	1.07e-13	53.9
PITG01000004.1:233806-233889	21455	100.000	27	0	0	1	27	1	27	1.03e-14	56.6
PITG01000004.1:238519-238626	21456	100.000	35	0	0	1	35	1	35	1.88e-22	76.6
PITG01000004.1:243373-243462	21457	100.000	29	0	0	1	29	1	29	1.36e-15	58.9
PITG01000004.1:2660-2809	21458	100.000	49	0	0	1	49	1	49	8.26e-32	101
PITG01000004.1:5465-5632	21459	100.000	55	0	0	1	55	1	55	1.08e-34	108
PITG01000004.1:7037-7234	21460	100.000	65	0	0	1	65	1	65	5.25e-42	128
PITG01000004.1:7433-7522	21461	100.000	29	0	0	1	29	1	29	9.19e-17	62.0
PITG01000004.1:47930-48079	21462	100.000	49	0	0	1	49	1	49	2.32e-31	100
PITG01000004.1:61952-62035	21463	100.000	27	0	0	1	27	1	27	1.40e-12	51.2
PITG01000004.1:73454-73615	21464	100.000	53	0	0	1	53	1	53	9.89e-34	106
PITG01000004.1:119825-119947	21465	100.000	40	0	0	1	40	1	40	9.40e-24	80.5
PITG01000004.1:151625-151792	21466	100.000	55	0	0	1	55	1	55	7.51e-37	114
PITG01000004.1:187820-187915	21467	100.000	31	0	0	1	31	1	31	1.73e-16	61.6
PITG01000004.1:207584-207724	21468	100.000	46	0	0	1	46	1	46	2.22e-29	95.1
PITG01000004.1:238490-238729	25222	42.593	54	20	2	32	79	17	65	4.20e-09	45.8
PITG01000004.1:258449-258535	21469	100.000	28	0	0	1	28	1	28	1.37e-15	58.9
PITG01000004.1:7083-7241	21470	100.000	52	0	0	1	52	1	52	6.68e-33	104
PITG01000004.1:48105-48338	21471	100.000	77	0	0	1	77	1	77	3.03e-55	162
PITG01000004.1:59829-59909	21472	100.000	26	0	0	1	26	1	26	1.79e-14	56.2
PITG01000004.1:69987-70106	21473	100.000	39	0	0	1	39	1	39	3.14e-22	76.3
PITG01000004.1:105078-105311	21474	100.000	77	0	0	1	77	1	77	1.98e-52	155
PITG01000004.1:110493-110603	21475	100.000	36	0	0	1	36	1	36	6.21e-22	75.5
PITG01000004.1:114363-114557	21476	100.000	64	0	0	1	64	1	64	2.10e-42	129
PITG01000004.1:114363-114557	21930	70.000	60	17	1	1	60	1	59	5.72e-22	77.4
PITG01000004.1:114363-114557	25219	63.333	60	21	1	1	60	1	59	3.28e-20	73.2
PITG01000004.1:184899-185102	21938	77.193	57	13	0	11	67	1	57	3.07e-30	98.2
PITG01000004.1:184899-185102	25211	75.439	57	14	0	11	67	1	57	9.64e-29	94.7
PITG01000004.1:226665-226805	21477	100.000	46	0	0	1	46	1	46	5.20e-30	96.7
PITG01000004.1:238512-238601	21478	100.000	29	0	0	1	29	1	29	4.45e-17	62.8
PITG01000004.1:259962-260129	21479	100.000	55	0	0	1	55	1	55	3.45e-32	102
PITG01000004.1:c(258486-258575)	PITG01000004:c(258486-258575)	100.000	29	0	0	1	29	1	29	4.94e-16	60.1
PITG01000004.1:c(258486-258575)	PITG01000010:c(61551-61676)	86.364	22	2	1	1	22	1	21	4.88e-07	37.7
PITG01000004.1:c(246252-246443)	PITG01000004:c(246252-246443)	100.000	63	0	0	1	63	1	63	8.74e-42	127
PITG01000004.1:c(117702-117788)	PITG01000004:c(117702-117788)	100.000	28	0	0	1	28	1	28	5.81e-16	60.1
PITG01000004.1:c(100266-100355)	PITG01000004:c(100266-100355)	100.000	29	0	0	1	29	1	29	3.32e-14	55.5
PITG01000004.1:c(87015-87119)	PITG01000004:c(87015-87119)	100.000	34	0	0	1	34	1	34	9.12e-18	64.7
PITG01000004.1:c(2700-2837)	PITG01000004:c(2700-2837)	100.000	45	0	0	1	45	1	45	4.23e-28	91.7
PITG01000004.1:c(258032-258121)	PITG01000004:c(258032-258121)	100.000	29	0	0	1	29	1	29	6.14e-14	54.7
PITG01000004.1:c(254996-255229)	CP002716:c(186230-186460)	50.667	75	37	0	3	77	2	76	2.94e-19	71.6
PITG01000004.1:c(254996-255229)	CP003521:c(188303-188536)	46.753	77	41	0	1	77	1	77	9.48e-18	67.8
PITG01000004.1:c(254996-255229)	ACOL01000348BRL01_000348:1205-1432	34.375	64	42	0	7	70	6	69	5.54e-07	40.4
PITG01000004.1:c(246494-246601)	PITG01000004:c(246494-246601)	100.000	35	0	0	1	35	1	35	2.23e-19	68.9
PITG01000004.1:c(246263-246400)	PITG01000004:c(246263-246400)	100.000	45	0	0	1	45	1	45	1.06e-26	88.2
PITG01000004.1:c(205073-205162)	PITG01000004:c(205073-205162)	100.000	29	0	0	1	29	1	29	1.02e-15	59.3
PITG01000004.1:c(198425-198622)	PITG01000004:c(198425-198622)	100.000	65	0	0	1	65	1	65	9.83e-39	119
PITG01000004.1:c(188579-188689)	PITG01000004:c(188579-188689)	100.000	36	0	0	1	36	1	36	5.30e-21	73.2
PITG01000004.1:c(175778-175876)	PITG01000004:c(175778-175876)	100.000	32	0	0	1	32	1	32	5.45e-18	65.5
PITG01000004.1:c(50873-50992)	CP003526:c(49304-49423)	69.231	39	12	0	1	39	1	39	8.58e-17	62.8
PITG01000004.1:c(49658-49741)	PITG01000004:c(49658-49741)	100.000	27	0	0	1	27	1	27	8.20e-15	57.0
PITG01000004.1:c(788-874)	PITG01000004:c(788-874)	100.000	28	0	0	1	28	1	28	5.17e-15	57.4
PITG01000004.1:c(204835-204942)	PITG01000004:c(204835-204942)	100.000	35	0	0	1	35	1	35	9.43e-21	72.4
PITG01000004.1:c(188404-188544)	PITG01000004:c(188404-188544)	100.000	46	0	0	1	46	1	46	6.23e-27	89.0
PITG01000004.1:c(177226-177312)	PITG01000004:c(177226-177312)	100.000	28	0	0	1	28	1	28	6.66e-15	57.4
PITG01000004.1:c(93697-93816)	PITG01000004:c(93697-93816)	100.000	39	0	0	1	39	1	39	1.50e-23	79.7
PITG01000004.1:c(22492-22602)	PITG01000004:c(22492-22602)	100.000	36	0	0	1	36	1	36	1.33e-20	72.0
PITG01000004.1:c(5302-5454)	PITG01000004:c(5302-5454)	100.000	50	0	0	1	50	1	50	2.81e-32	102
PITG01000004.1:c(2443-2541)	PITG01000004:c(2443-2541)	100.000	32	0	0	1	32	1	32	6.15e-18	65.1
PITG01000005.1:52966-53091	21480	100.000	41	0	0	1	41	1	41	1.97e-24	82.0
PITG01000005.1:62563-62781	25364	44.776	67	37	0	6	72	2	68	9.65e-15	59.7
PITG01000005.1:73933-74064	21481	100.000	43	0	0	1	43	1	43	1.10e-27	90.5
PITG01000005.1:99628-99762	21482	100.000	44	0	0	1	44	1	44	2.89e-27	89.4
PITG01000005.1:102847-102936	21483	100.000	29	0	0	1	29	1	29	1.06e-13	54.3
PITG01000005.1:168079-168210	PITG01000015:c(708-839)	100.000	43	0	0	1	43	1	43	1.61e-26	87.4
PITG01000005.1:168079-168210	21484	100.000	43	0	0	1	43	1	43	1.61e-26	87.4
PITG01000005.1:168079-168210	21388	100.000	43	0	0	1	43	1	43	1.61e-26	87.4
PITG01000005.1:3629-3745	PITG01000012:c(199571-199687)	100.000	38	0	0	1	38	1	38	1.37e-21	74.7
PITG01000005.1:3629-3745	21485	100.000	38	0	0	1	38	1	38	1.37e-21	74.7
PITG01000005.1:19967-20149	21486	100.000	60	0	0	1	60	1	60	1.31e-41	126
PITG01000005.1:34229-34342	21487	100.000	37	0	0	1	37	1	37	1.06e-19	70.1
PITG01000005.1:36053-36157	21488	100.000	34	0	0	1	34	1	34	6.70e-20	70.1
PITG01000005.1:55394-55561	21489	100.000	55	0	0	1	55	1	55	4.12e-36	112
PITG01000005.1:95120-95245	21490	100.000	41	0	0	1	41	1	41	1.40e-24	82.4
PITG01000005.1:95375-95476	21491	100.000	33	0	0	1	33	1	33	6.35e-19	67.8
PITG01000005.1:98582-98665	21492	100.000	27	0	0	1	27	1	27	1.89e-14	56.2
PITG01000005.1:121967-122134	21493	100.000	55	0	0	1	55	1	55	1.13e-36	114
PITG01000005.1:121967-122134	22069	94.118	17	1	0	1	17	26	42	1.63e-06	38.1
PITG01000005.1:168320-168421	PITG01000015:c(497-598)	100.000	33	0	0	1	33	1	33	1.71e-16	61.6
PITG01000005.1:168320-168421	21494	100.000	33	0	0	1	33	1	33	1.71e-16	61.6
PITG01000005.1:168320-168421	21400	100.000	33	0	0	1	33	1	33	1.71e-16	61.6
PITG01000005.1:27897-28127	21495	100.000	76	0	0	1	76	1	76	1.26e-51	153
PITG01000005.1:32604-32693	21496	100.000	29	0	0	1	29	1	29	2.61e-14	55.8
PITG01000005.1:49971-50078	21497	100.000	35	0	0	1	35	1	35	2.99e-20	71.2
PITG01000005.1:55332-55433	21498	100.000	33	0	0	1	33	1	33	3.06e-20	70.9
PITG01000005.1:55434-55532	21499	100.000	32	0	0	1	32	1	32	5.94e-16	60.1
PITG01000005.1:74223-74435	21500	100.000	70	0	0	1	70	1	70	8.93e-43	130
PITG01000005.1:165573-165683	21501	100.000	36	0	0	1	36	1	36	2.01e-21	74.3
PITG01000005.1:c(131462-131554)	PITG01000005:c(131462-131554)	100.000	30	0	0	1	30	1	30	2.42e-16	60.8
PITG01000005.1:c(116075-116170)	PITG01000005:c(116075-116170)	100.000	31	0	0	1	31	1	31	5.07e-14	55.1
PITG01000005.1:c(104153-104269)	PITG01000005:c(104153-104269)	100.000	38	0	0	1	38	1	38	4.76e-25	83.6
PITG01000005.1:c(85547-85723)	CP003529:c(81082-81210)	62.963	27	9	1	3	28	14	40	4.69e-06	36.6
PITG01000005.1:c(83618-83716)	PITG01000005:c(83618-83716)	100.000	32	0	0	1	32	1	32	2.71e-17	63.5
PITG01000005.1:c(49952-50044)	PITG01000005:c(49952-50044)	100.000	30	0	0	1	30	1	30	2.26e-17	63.5
PITG01000005.1:c(27869-28009)	PITG01000005:c(27869-28009)	100.000	46	0	0	1	46	1	46	3.41e-29	94.4
PITG01000005.1:c(16742-16840)	PITG01000005:c(16742-16840)	100.000	32	0	0	1	32	1	32	7.49e-18	65.1
PITG01000005.1:c(126583-126669)	PITG01000005:c(126583-126669)	100.000	28	0	0	1	28	1	28	2.10e-15	58.5
PITG01000005.1:c(116821-116925)	PITG01000005:c(116821-116925)	100.000	34	0	0	1	34	1	34	3.98e-19	68.2
PITG01000005.1:c(77773-77898)	PITG01000005:c(77773-77898)	100.000	41	0	0	1	41	1	41	9.02e-23	77.8
PITG01000005.1:c(74275-74358)	PITG01000005:c(74275-74358)	100.000	27	0	0	1	27	1	27	3.25e-13	52.8
PITG01000005.1:c(55285-55404)	PITG01000005:c(55285-55404)	100.000	39	0	0	1	39	1	39	4.44e-23	78.6
PITG01000005.1:c(36082-36162)	PITG01000005:c(36082-36162)	100.000	26	0	0	1	26	1	26	2.66e-14	55.5
PITG01000005.1:c(24268-24372)	PITG01000005:c(24268-24372)	100.000	34	0	0	1	34	1	34	1.37e-19	69.3
PITG01000005.1:c(19765-19854)	PITG01000005:c(19765-19854)	100.000	29	0	0	1	29	1	29	4.83e-16	60.1
PITG01000005.1:c(25-138)	PITG01000005:c(25-138)	100.000	37	0	0	1	37	1	37	1.51e-23	79.7
PITG01000005.1:c(131493-131573)	PITG01000005:c(131493-131573)	100.000	26	0	0	1	26	1	26	6.03e-15	57.4
PITG01000005.1:c(49986-50081)	PITG01000005:c(49986-50081)	100.000	31	0	0	1	31	1	31	8.66e-19	67.4
PITG01000005.1:c(3771-3899)	21606	100.000	42	0	0	1	42	1	42	6.80e-24	80.9
PITG01000005.1:c(3771-3899)	PITG01000005:c(3771-3899)	100.000	42	0	0	1	42	1	42	6.80e-24	80.9
PITG01000005.1:c(3654-3734)	21607	100.000	26	0	0	1	26	1	26	3.83e-13	52.8
PITG01000005.1:c(3654-3734)	PITG01000005:c(3654-3734)	100.000	26	0	0	1	26	1	26	3.83e-13	52.8
PITG01000006.1:4994-5119	21502	100.000	41	0	0	1	41	1	41	1.80e-22	77.0
PITG01000006.1:4932-5063	21503	100.000	43	0	0	1	43	1	43	5.05e-24	81.3
PITG01000006.1:c(1982-2107)	PITG01000006:c(1982-2107)	100.000	41	0	0	1	41	1	41	1.01e-25	85.5
PITG01000007.1:60517-60612	21504	100.000	31	0	0	1	31	1	31	7.58e-17	62.4
PITG01000007.1:93391-93483	21505	100.000	30	0	0	1	30	1	30	4.08e-15	57.8
PITG01000007.1:104041-104157	21506	100.000	38	0	0	1	38	1	38	1.48e-22	77.0
PITG01000007.1:173-334	21507	100.000	53	0	0	1	53	1	53	6.72e-32	101
PITG01000007.1:638-724	21508	100.000	28	0	0	1	28	1	28	8.67e-15	57.0
PITG01000007.1:30944-31042	21509	100.000	32	0	0	1	32	1	32	1.51e-19	69.3
PITG01000007.1:32252-32401	21510	100.000	49	0	0	1	49	1	49	3.52e-27	89.7
PITG01000007.1:1596-1808	21511	100.000	70	0	0	1	70	1	70	4.15e-42	129
PITG01000007.1:75207-75371	21966	55.556	36	16	0	2	37	3	38	9.02e-10	45.8
PITG01000007.1:104052-104138	21512	100.000	28	0	0	1	28	1	28	4.15e-15	57.8
PITG01000007.1:104322-104426	21513	100.000	34	0	0	1	34	1	34	2.13e-17	63.9
PITG01000007.1:c(75287-75367)	PITG01000007:c(75287-75367)	100.000	26	0	0	1	26	1	26	7.01e-13	52.0
PITG01000007.1:c(39866-39973)	PITG01000007:c(39866-39973)	100.000	35	0	0	1	35	1	35	7.12e-22	75.1
PITG01000007.1:c(35357-35446)	PITG01000007:c(35357-35446)	100.000	29	0	0	1	29	1	29	1.48e-15	58.9
PITG01000007.1:c(1844-1981)	PITG01000007:c(1844-1981)	100.000	45	0	0	1	45	1	45	1.87e-24	82.4
PITG01000007.1:c(39778-39876)	PITG01000007:c(39778-39876)	100.000	32	0	0	1	32	1	32	1.92e-16	61.2
PITG01000007.1:c(39778-39876)	PITG01000002:c(18529-18627)	100.000	32	0	0	1	32	1	32	1.92e-16	61.2
PITG01000007.1:c(25465-25689)	PITG01000007:c(25465-25689)	100.000	74	0	0	1	74	1	74	6.36e-47	141
PITG01000007.1:c(96183-96284)	PITG01000007:c(96183-96284)	100.000	33	0	0	1	33	1	33	9.02e-19	67.4
PITG01000007.1:c(35394-35528)	PITG01000007:c(35394-35528)	100.000	44	0	0	1	44	1	44	1.74e-28	92.4
PITG01000007.1:c(33297-33389)	PITG01000007:c(33297-33389)	100.000	30	0	0	1	30	1	30	1.07e-16	62.0
PITG01000007.1:c(30906-31058)	PITG01000007:c(30906-31058)	100.000	50	0	0	1	50	1	50	1.09e-30	98.6
PITG01000007.1:c(22386-22478)	PITG01000007:c(22386-22478)	100.000	30	0	0	1	30	1	30	2.60e-17	63.5
PITG01000007.1:c(5160-5279)	PITG01000007:c(5160-5279)	100.000	39	0	0	1	39	1	39	6.82e-23	78.2
PITG01000007.1:c(795-962)	PITG01000007:c(795-962)	100.000	55	0	0	1	55	1	55	2.38e-34	108
PITG01000007.1:c(540-662)	PITG01000007:c(540-662)	100.000	40	0	0	1	40	1	40	2.05e-21	74.3
PITG01000007.1:c(540-662)	PITG01000012:c(214332-214451)	78.947	38	8	0	3	40	2	39	2.78e-14	56.6
PITG01000008.1:27565-27660	21514	100.000	31	0	0	1	31	1	31	5.28e-19	67.8
PITG01000008.1:35017-35133	21515	100.000	38	0	0	1	38	1	38	1.40e-24	82.4
PITG01000008.1:47287-47445	21516	100.000	52	0	0	1	52	1	52	1.14e-31	101
PITG01000008.1:47596-47820	21517	100.000	74	0	0	1	74	1	74	3.03e-51	152
PITG01000008.1:132649-132738	21518	100.000	29	0	0	1	29	1	29	6.97e-15	57.4
PITG01000008.1:133843-133959	21519	100.000	38	0	0	1	38	1	38	2.23e-21	74.3
PITG01000008.1:133843-133959	PITG01000002:c(105598-105714)	100.000	38	0	0	1	38	1	38	2.23e-21	74.3
PITG01000008.1:134026-134190	21520	100.000	54	0	0	1	54	1	54	1.66e-35	110
PITG01000008.1:134026-134190	PITG01000002:c(105367-105531)	100.000	54	0	0	1	54	1	54	1.66e-35	110
PITG01000008.1:134293-134397	21521	100.000	34	0	0	1	34	1	34	1.95e-19	68.9
PITG01000008.1:134293-134397	PITG01000002:c(105160-105264)	100.000	34	0	0	1	34	1	34	1.95e-19	68.9
PITG01000008.1:136930-137013	21522	100.000	27	0	0	1	27	1	27	6.49e-13	52.0
PITG01000008.1:136930-137013	PITG01000002:c(102544-102627)	100.000	27	0	0	1	27	1	27	6.49e-13	52.0
PITG01000008.1:2903-3004	21523	100.000	33	0	0	1	33	1	33	1.38e-18	67.0
PITG01000008.1:4037-4234	21524	100.000	65	0	0	1	65	1	65	2.66e-44	134
PITG01000008.1:21113-21196	21525	100.000	27	0	0	1	27	1	27	1.37e-14	56.2
PITG01000008.1:28832-28912	21526	100.000	26	0	0	1	26	1	26	2.32e-12	50.8
PITG01000008.1:47168-47263	21527	100.000	31	0	0	1	31	1	31	1.58e-17	63.9
PITG01000008.1:47684-47773	21528	100.000	29	0	0	1	29	1	29	3.96e-16	60.5
PITG01000008.1:65660-65758	21529	100.000	32	0	0	1	32	1	32	5.24e-19	67.8
PITG01000008.1:66689-66823	21530	100.000	44	0	0	1	44	1	44	6.25e-29	93.6
PITG01000008.1:69989-70111	21531	100.000	40	0	0	1	40	1	40	7.84e-23	78.2
PITG01000008.1:123005-123187	25260	50.000	60	27	3	1	58	1	59	1.03e-09	46.2
PITG01000008.1:123005-123187	21978	45.902	61	29	3	1	58	1	60	3.33e-07	40.0
PITG01000008.1:131831-131950	21532	100.000	39	0	0	1	39	1	39	1.97e-23	79.3
PITG01000008.1:132809-132931	21533	100.000	40	0	0	1	40	1	40	3.05e-23	79.0
PITG01000008.1:134084-134164	21534	100.000	26	0	0	1	26	1	26	5.79e-14	54.7
PITG01000008.1:134084-134164	PITG01000002:c(105393-105473)	100.000	26	0	0	1	26	1	26	5.79e-14	54.7
PITG01000008.1:134813-134923	21535	100.000	36	0	0	1	36	1	36	1.18e-21	74.7
PITG01000008.1:134813-134923	PITG01000002:c(104634-104744)	100.000	36	0	0	1	36	1	36	1.18e-21	74.7
PITG01000008.1:135485-135568	21536	100.000	27	0	0	1	27	1	27	2.26e-13	53.1
PITG01000008.1:135485-135568	PITG01000002:c(103989-104072)	100.000	27	0	0	1	27	1	27	2.26e-13	53.1
PITG01000008.1:137249-137425	21537	100.000	58	0	0	1	58	1	58	9.22e-39	119
PITG01000008.1:137249-137425	PITG01000002:c(102132-102308)	100.000	58	0	0	1	58	1	58	9.22e-39	119
PITG01000008.1:6015-6146	21538	100.000	43	0	0	1	43	1	43	1.39e-23	80.1
PITG01000008.1:15390-15476	21539	100.000	28	0	0	1	28	1	28	5.12e-15	57.4
PITG01000008.1:30639-30863	21540	100.000	74	0	0	1	74	1	74	3.62e-51	152
PITG01000008.1:32184-32276	21541	100.000	30	0	0	1	30	1	30	1.12e-17	64.3
PITG01000008.1:49485-49613	21542	100.000	42	0	0	1	42	1	42	5.49e-27	88.6
PITG01000008.1:71703-71939	21543	100.000	78	0	0	1	78	1	78	6.98e-54	159
PITG01000008.1:98130-98249	21544	100.000	39	0	0	1	39	1	39	1.47e-22	77.4
PITG01000008.1:132702-132782	21545	100.000	26	0	0	1	26	1	26	6.80e-15	57.0
PITG01000008.1:134394-134504	21546	100.000	36	0	0	1	36	1	36	2.40e-21	73.9
PITG01000008.1:134394-134504	PITG01000002:c(105053-105163)	100.000	36	0	0	1	36	1	36	2.40e-21	73.9
PITG01000008.1:134559-134711	21547	100.000	50	0	0	1	50	1	50	3.09e-33	105
PITG01000008.1:134559-134711	PITG01000002:c(104846-104998)	100.000	50	0	0	1	50	1	50	3.09e-33	105
PITG01000008.1:c(126329-126430)	PITG01000008:c(126329-126430)	100.000	33	0	0	1	33	1	33	2.14e-17	63.9
PITG01000008.1:c(112598-112741)	CP003523:c(108473-108601)	79.167	24	5	0	1	24	1	24	3.17e-08	41.6
PITG01000008.1:c(73979-74071)	PITG01000008:c(73979-74071)	100.000	30	0	0	1	30	1	30	5.52e-14	55.1
PITG01000008.1:c(71660-71812)	PITG01000008:c(71660-71812)	100.000	50	0	0	1	50	1	50	4.02e-33	104
PITG01000008.1:c(47588-47743)	PITG01000008:c(47588-47743)	100.000	51	0	0	1	51	1	51	1.22e-32	103
PITG01000008.1:c(47210-47323)	PITG01000008:c(47210-47323)	100.000	37	0	0	1	37	1	37	2.70e-21	73.9
PITG01000008.1:c(35207-35314)	PITG01000008:c(35207-35314)	100.000	35	0	0	1	35	1	35	6.56e-21	72.8
PITG01000008.1:c(28865-28960)	PITG01000008:c(28865-28960)	100.000	31	0	0	1	31	1	31	1.70e-17	63.9
PITG01000008.1:c(6071-6166)	PITG01000008:c(6071-6166)	100.000	31	0	0	1	31	1	31	2.13e-16	61.2
PITG01000008.1:c(4145-4279)	PITG01000008:c(4145-4279)	100.000	44	0	0	1	44	1	44	6.67e-27	88.6
PITG01000008.1:c(11-115)	PITG01000008:c(11-115)	100.000	34	0	0	1	34	1	34	3.52e-21	73.6
PITG01000008.1:c(11-115)	PITG01000001:c(11-100)	100.000	29	0	0	6	34	1	29	1.41e-17	64.3
PITG01000008.1:c(136804-136896)	PITG01000008:c(136804-136896)	100.000	30	0	0	1	30	1	30	1.23e-16	61.6
PITG01000008.1:c(136804-136896)	21373	100.000	30	0	0	1	30	1	30	1.23e-16	61.6
PITG01000008.1:c(134161-134262)	PITG01000008:c(134161-134262)	100.000	33	0	0	1	33	1	33	4.22e-17	63.2
PITG01000008.1:c(134161-134262)	21374	100.000	33	0	0	1	33	1	33	4.22e-17	63.2
PITG01000008.1:c(134020-134127)	PITG01000008:c(134020-134127)	100.000	35	0	0	1	35	1	35	7.95e-20	70.1
PITG01000008.1:c(134020-134127)	21375	100.000	35	0	0	1	35	1	35	7.95e-20	70.1
PITG01000008.1:c(132706-132888)	PITG01000008:c(132706-132888)	100.000	60	0	0	1	60	1	60	1.07e-38	119
PITG01000008.1:c(122758-122877)	PITG01000008:c(122758-122877)	100.000	39	0	0	1	39	1	39	2.07e-22	77.0
PITG01000008.1:c(42496-42576)	PITG01000008:c(42496-42576)	100.000	26	0	0	1	26	1	26	3.03e-14	55.5
PITG01000008.1:c(30400-30516)	PITG01000008:c(30400-30516)	100.000	38	0	0	1	38	1	38	2.73e-22	76.6
PITG01000008.1:c(21082-21171)	PITG01000008:c(21082-21171)	100.000	29	0	0	1	29	1	29	1.66e-16	61.2
PITG01000008.1:c(3985-4221)	PITG01000008:c(3985-4221)	100.000	78	0	0	1	78	1	78	1.98e-50	150
PITG01000008.1:c(137166-137267)	PITG01000008:c(137166-137267)	100.000	33	0	0	1	33	1	33	2.00e-19	68.9
PITG01000008.1:c(137166-137267)	21393	100.000	33	0	0	1	33	1	33	2.00e-19	68.9
PITG01000008.1:c(134187-134321)	PITG01000008:c(134187-134321)	100.000	44	0	0	1	44	1	44	8.63e-24	80.9
PITG01000008.1:c(134187-134321)	21394	100.000	44	0	0	1	44	1	44	8.63e-24	80.9
PITG01000008.1:c(90306-90389)	PITG01000008:c(90306-90389)	100.000	27	0	0	1	27	1	27	8.38e-15	57.0
PITG01000008.1:c(74922-75035)	PITG01000008:c(74922-75035)	100.000	37	0	0	1	37	1	37	8.23e-24	80.1
PITG01000008.1:c(66915-67004)	PITG01000008:c(66915-67004)	100.000	29	0	0	1	29	1	29	3.01e-16	60.8
PITG01000008.1:c(28650-28766)	PITG01000008:c(28650-28766)	100.000	38	0	0	1	38	1	38	3.29e-24	81.3
PITG01000008.1:c(15003-15236)	CP002718:c(11378-11614)	76.623	77	18	0	1	77	1	77	2.64e-25	87.0
PITG01000009.1:754-888	21548	100.000	44	0	0	1	44	1	44	7.91e-28	90.9
PITG01000009.1:4288-4455	21549	100.000	55	0	0	1	55	1	55	1.24e-35	111
PITG01000009.1:16324-16554	21972	62.319	69	25	1	7	75	4	71	1.76e-27	92.0
PITG01000009.1:16324-16554	25245	60.294	68	26	1	7	74	4	70	1.82e-26	89.7
PITG01000009.1:18193-18288	21550	100.000	31	0	0	1	31	1	31	2.88e-15	58.5
PITG01000009.1:22495-22602	21551	100.000	35	0	0	1	35	1	35	3.58e-21	73.6
PITG01000009.1:30613-30723	21552	100.000	36	0	0	1	36	1	36	5.75e-22	75.5
PITG01000009.1:32083-32223	21553	100.000	46	0	0	1	46	1	46	2.21e-28	92.4
PITG01000009.1:51058-51183	21554	100.000	41	0	0	1	41	1	41	7.12e-24	80.9
PITG01000009.1:55159-55308	21555	100.000	49	0	0	1	49	1	49	2.92e-29	94.7
PITG01000009.1:55798-55881	21556	100.000	27	0	0	1	27	1	27	6.58e-15	57.4
PITG01000009.1:662-796	21557	100.000	44	0	0	1	44	1	44	2.65e-27	89.7
PITG01000009.1:977-1156	21558	100.000	59	0	0	1	59	1	59	6.28e-37	114
PITG01000009.1:4001-4189	21559	100.000	62	0	0	1	62	1	62	2.96e-38	118
PITG01000009.1:10664-10831	21560	100.000	55	0	0	1	55	1	55	2.50e-35	110
PITG01000009.1:33839-33958	21561	100.000	39	0	0	1	39	1	39	1.22e-22	77.4
PITG01000009.1:55514-55606	21562	100.000	30	0	0	1	30	1	30	1.66e-17	63.9
PITG01000009.1:55736-55846	21563	100.000	36	0	0	1	36	1	36	2.89e-21	73.9
PITG01000009.1:71063-71158	21564	100.000	31	0	0	1	31	1	31	2.67e-15	58.5
PITG01000009.1:71780-71911	21565	100.000	43	0	0	1	43	1	43	1.45e-25	85.1
PITG01000009.1:543-629	21566	100.000	28	0	0	1	28	1	28	4.58e-15	57.8
PITG01000009.1:3672-3881	21567	100.000	69	0	0	1	69	1	69	5.11e-47	141
PITG01000009.1:3885-4043	21568	100.000	52	0	0	1	52	1	52	5.60e-31	99.4
PITG01000009.1:62898-63023	21569	100.000	41	0	0	1	41	1	41	1.06e-22	77.8
PITG01000009.1:c(71017-71172)	PITG01000009:c(71017-71172)	100.000	51	0	0	1	51	1	51	1.09e-30	98.6
PITG01000009.1:c(55777-55887)	PITG01000009:c(55777-55887)	100.000	36	0	0	1	36	1	36	7.78e-23	77.8
PITG01000009.1:c(10708-10878)	PITG01000009:c(10708-10878)	100.000	56	0	0	1	56	1	56	1.06e-37	116
PITG01000009.1:c(4009-4200)	PITG01000009:c(4009-4200)	100.000	63	0	0	1	63	1	63	4.70e-38	118
PITG01000009.1:c(637-717)	PITG01000009:c(637-717)	100.000	26	0	0	1	26	1	26	1.13e-13	53.9
PITG01000009.1:c(74304-74414)	PITG01000009:c(74304-74414)	100.000	36	0	0	1	36	1	36	4.39e-21	73.2
PITG01000009.1:c(55347-55481)	PITG01000009:c(55347-55481)	100.000	44	0	0	1	44	1	44	2.48e-29	94.7
PITG01000009.1:c(35478-35579)	PITG01000009:c(35478-35579)	100.000	33	0	0	1	33	1	33	2.48e-20	71.2
PITG01000009.1:c(30516-30749)	PITG01000009:c(30516-30749)	100.000	77	0	0	1	77	1	77	5.18e-53	156
PITG01000009.1:c(10806-10934)	PITG01000009:c(10806-10934)	100.000	42	0	0	1	42	1	42	4.20e-26	86.3
PITG01000009.1:c(74153-74284)	PITG01000009:c(74153-74284)	100.000	43	0	0	1	43	1	43	4.55e-27	89.0
PITG01000009.1:c(71792-71890)	PITG01000009:c(71792-71890)	100.000	32	0	0	1	32	1	32	2.15e-17	63.9
PITG01000009.1:c(12758-12841)	PITG01000009:c(12758-12841)	100.000	27	0	0	1	27	1	27	3.12e-12	50.4
PITG01000009.1:c(3563-3715)	PITG01000009:c(3563-3715)	100.000	50	0	0	1	50	1	50	1.05e-30	98.6
PITG01000009.1:c(740-862)	PITG01000009:c(740-862)	100.000	40	0	0	1	40	1	40	1.90e-25	84.7
PITG01000010.1:3193-3354	21570	100.000	53	0	0	1	53	1	53	3.24e-35	110
PITG01000010.1:24547-24771	21571	100.000	74	0	0	1	74	1	74	1.23e-51	153
PITG01000010.1:24547-24771	25289	88.000	25	3	0	26	50	1	25	8.36e-11	49.3
PITG01000010.1:24547-24771	21996	88.000	25	3	0	26	50	1	25	1.09e-09	46.2
PITG01000010.1:58090-58209	21572	100.000	39	0	0	1	39	1	39	1.05e-22	77.8
PITG01000010.1:3821-4009	21573	100.000	62	0	0	1	62	1	62	1.26e-40	124
PITG01000010.1:4139-4288	21574	100.000	49	0	0	1	49	1	49	9.15e-27	88.6
PITG01000010.1:45023-45157	21575	100.000	44	0	0	1	44	1	44	6.53e-27	88.6
PITG01000010.1:58163-58252	21576	100.000	29	0	0	1	29	1	29	9.44e-16	59.3
PITG01000010.1:58886-58969	21577	100.000	27	0	0	1	27	1	27	1.28e-12	51.6
PITG01000010.1:1260-1382	21578	100.000	40	0	0	1	40	1	40	5.14e-26	85.9
PITG01000010.1:30675-30779	21579	100.000	34	0	0	1	34	1	34	7.86e-19	67.4
PITG01000010.1:39171-39305	21580	100.000	44	0	0	1	44	1	44	1.51e-25	85.1
PITG01000010.1:c(61551-61676)	PITG01000010:c(61551-61676)	100.000	41	0	0	1	41	1	41	1.00e-25	85.5
PITG01000010.1:c(61551-61676)	PITG01000004:c(258486-258575)	86.364	22	2	1	1	21	1	22	6.90e-07	37.7
PITG01000010.1:c(60252-60413)	PITG01000010:c(60252-60413)	100.000	53	0	0	1	53	1	53	1.64e-33	105
PITG01000010.1:c(53544-53654)	PITG01000010:c(53544-53654)	100.000	36	0	0	1	36	1	36	1.68e-20	72.0
PITG01000010.1:c(1266-1370)	PITG01000010:c(1266-1370)	100.000	34	0	0	1	34	1	34	1.25e-20	72.0
PITG01000010.1:c(3827-3940)	PITG01000010:c(3827-3940)	100.000	37	0	0	1	37	1	37	1.77e-20	72.0
PITG01000010.1:c(3437-3619)	PITG01000010:c(3437-3619)	100.000	60	0	0	1	60	1	60	2.60e-38	118
PITG01000010.1:c(2519-2683)	PITG01000010:c(2519-2683)	100.000	54	0	0	1	54	1	54	1.51e-34	108
PITG01000010.1:c(1229-1327)	PITG01000010:c(1229-1327)	100.000	32	0	0	1	32	1	32	1.12e-18	67.0
PITG01000010.1:c(1229-1327)	PITG01000002:c(7278-7445)	68.750	32	9	1	1	32	13	43	2.88e-09	43.9
PITG01000010.1:c(39085-39168)	PITG01000010:c(39085-39168)	100.000	27	0	0	1	27	1	27	2.64e-13	53.1
PITG01000010.1:c(10495-10590)	PITG01000010:c(10495-10590)	100.000	31	0	0	1	31	1	31	2.90e-16	60.8
PITG01000010.1:c(172-264)	PITG01000010:c(172-264)	100.000	30	0	0	1	30	1	30	1.79e-15	58.9
PITG01000011.1:47617-47727	21581	100.000	36	0	0	1	36	1	36	3.27e-19	68.6
PITG01000011.1:83611-83721	21582	100.000	36	0	0	1	36	1	36	2.45e-21	73.9
PITG01000011.1:106261-106389	21583	100.000	42	0	0	1	42	1	42	7.85e-26	85.9
PITG01000011.1:113326-113415	21584	100.000	29	0	0	1	29	1	29	1.17e-16	61.6
PITG01000011.1:842-964	21585	100.000	40	0	0	1	40	1	40	2.93e-22	76.6
PITG01000011.1:4427-4507	21586	100.000	26	0	0	1	26	1	26	3.00e-14	55.5
PITG01000011.1:29315-29446	21587	100.000	43	0	0	1	43	1	43	3.59e-26	86.7
PITG01000011.1:53036-53143	21588	100.000	35	0	0	1	35	1	35	6.31e-20	70.5
PITG01000011.1:85298-85378	21589	100.000	26	0	0	1	26	1	26	3.72e-12	50.1
PITG01000011.1:85739-85942	21590	100.000	67	0	0	1	67	1	67	5.89e-45	135
PITG01000011.1:86264-86353	21591	100.000	29	0	0	1	29	1	29	4.14e-16	60.5
PITG01000011.1:86879-87085	21592	100.000	68	0	0	1	68	1	68	1.95e-45	137
PITG01000011.1:112085-112177	21593	100.000	30	0	0	1	30	1	30	8.96e-18	64.7
PITG01000011.1:116168-116266	21594	100.000	32	0	0	1	32	1	32	2.30e-19	68.9
PITG01000011.1:56478-56699	22010	58.904	73	30	0	1	73	1	73	3.91e-27	91.3
PITG01000011.1:56478-56699	25274	59.722	72	29	0	1	72	1	72	1.10e-26	90.1
PITG01000011.1:77826-77918	21595	100.000	30	0	0	1	30	1	30	2.01e-16	61.2
PITG01000011.1:78354-78449	21596	100.000	31	0	0	1	31	1	31	1.92e-15	58.9
PITG01000011.1:86286-86375	21597	100.000	29	0	0	1	29	1	29	1.79e-14	56.2
PITG01000011.1:86529-86621	21598	100.000	30	0	0	1	30	1	30	2.65e-16	60.8
PITG01000011.1:146646-146735	21599	100.000	29	0	0	1	29	1	29	1.66e-14	56.2
PITG01000011.1:146916-147065	21600	100.000	49	0	0	1	49	1	49	1.44e-30	98.2
PITG01000011.1:c(147240-147374)	PITG01000011:c(147240-147374)	100.000	44	0	0	1	44	1	44	3.45e-27	89.4
PITG01000011.1:c(144372-144461)	PITG01000011:c(144372-144461)	100.000	29	0	0	1	29	1	29	5.60e-17	62.4
PITG01000011.1:c(125523-125603)	PITG01000011:c(125523-125603)	100.000	26	0	0	1	26	1	26	1.57e-13	53.5
PITG01000011.1:c(60579-60665)	PITG01000011:c(60579-60665)	100.000	28	0	0	1	28	1	28	4.58e-13	52.8
PITG01000011.1:c(59676-59795)	PITG01000011:c(59676-59795)	100.000	39	0	0	1	39	1	39	9.02e-22	75.1
PITG01000011.1:c(29310-29456)	PITG01000011:c(29310-29456)	100.000	48	0	0	1	48	1	48	1.32e-28	93.2
PITG01000011.1:c(1419-1514)	PITG01000011:c(1419-1514)	100.000	31	0	0	1	31	1	31	1.88e-17	63.9
PITG01000011.1:c(148181-148288)	PITG01000011:c(148181-148288)	100.000	35	0	0	1	35	1	35	6.89e-20	70.1
PITG01000011.1:c(148025-148105)	PITG01000011:c(148025-148105)	100.000	26	0	0	1	26	1	26	1.58e-12	51.2
PITG01000011.1:c(147671-147754)	PITG01000011:c(147671-147754)	100.000	27	0	0	1	27	1	27	1.33e-14	56.6
PITG01000011.1:c(147494-147637)	PITG01000011:c(147494-147637)	100.000	47	0	0	1	47	1	47	5.17e-29	94.0
PITG01000011.1:c(147335-147469)	PITG01000011:c(147335-147469)	100.000	44	0	0	1	44	1	44	1.72e-26	87.4
PITG01000011.1:c(146489-146680)	PITG01000011:c(146489-146680)	100.000	63	0	0	1	63	1	63	2.38e-43	131
PITG01000011.1:c(146237-146332)	PITG01000011:c(146237-146332)	100.000	31	0	0	1	31	1	31	2.61e-17	63.5
PITG01000011.1:c(144311-144391)	PITG01000011:c(144311-144391)	100.000	26	0	0	1	26	1	26	9.99e-15	56.6
PITG01000011.1:c(118052-118150)	PITG01000011:c(118052-118150)	100.000	32	0	0	1	32	1	32	3.14e-18	65.9
PITG01000011.1:c(106373-106456)	PITG01000011:c(106373-106456)	100.000	27	0	0	1	27	1	27	2.06e-14	55.8
PITG01000011.1:c(87026-87118)	PITG01000011:c(87026-87118)	100.000	30	0	0	1	30	1	30	8.96e-18	64.7
PITG01000011.1:c(64958-65077)	PITG01000011:c(64958-65077)	100.000	39	0	0	1	39	1	39	6.63e-24	80.5
PITG01000011.1:c(47477-47641)	PITG01000011:c(47477-47641)	100.000	54	0	0	1	54	1	54	1.21e-35	111
PITG01000011.1:c(29528-29611)	PITG01000011:c(29528-29611)	100.000	27	0	0	1	27	1	27	1.12e-13	53.9
PITG01000011.1:c(147367-147447)	PITG01000011:c(147367-147447)	100.000	26	0	0	1	26	1	26	7.41e-13	52.0
PITG01000011.1:c(146971-147126)	PITG01000011:c(146971-147126)	100.000	51	0	0	1	51	1	51	8.68e-31	99.0
PITG01000011.1:c(146752-146856)	PITG01000011:c(146752-146856)	100.000	34	0	0	1	34	1	34	6.21e-20	70.5
PITG01000011.1:c(146188-146277)	PITG01000011:c(146188-146277)	100.000	29	0	0	1	29	1	29	2.61e-16	60.8
PITG01000011.1:c(145951-146052)	PITG01000011:c(145951-146052)	100.000	33	0	0	1	33	1	33	3.85e-18	65.9
PITG01000011.1:c(85030-85224)	PITG01000011:c(85030-85224)	100.000	64	0	0	1	64	1	64	9.96e-43	129
PITG01000011.1:c(59650-59736)	PITG01000011:c(59650-59736)	100.000	28	0	0	1	28	1	28	1.15e-14	56.6
PITG01000011.1:c(20953-21042)	PITG01000011:c(20953-21042)	100.000	29	0	0	1	29	1	29	8.46e-18	64.7
PITG01000011.1:c(676-813)	PITG01000011:c(676-813)	100.000	45	0	0	1	45	1	45	7.20e-27	88.6
PITG01000012.1:57058-57174	21601	100.000	38	0	0	1	38	1	38	3.91e-21	73.6
PITG01000012.1:64072-64224	22024	48.837	43	22	0	8	50	5	47	2.90e-09	44.3
PITG01000012.1:88843-88956	21602	100.000	37	0	0	1	37	1	37	2.03e-23	79.3
PITG01000012.1:94249-94413	21603	100.000	54	0	0	1	54	1	54	4.39e-32	102
PITG01000012.1:105034-105174	22035	61.765	34	12	1	4	37	7	39	9.13e-08	40.4
PITG01000012.1:105034-105174	25305	55.882	34	14	1	4	37	1	33	1.11e-06	37.4
PITG01000012.1:107893-107976	PITG01000012:c(105294-105377)	100.000	27	0	0	1	27	1	27	1.45e-14	56.2
PITG01000012.1:107893-107976	21604	100.000	27	0	0	1	27	1	27	1.45e-14	56.2
PITG01000012.1:180097-180192	21605	100.000	31	0	0	1	31	1	31	5.05e-17	62.8
PITG01000012.1:180097-180192	22028	76.667	30	7	0	2	31	18	47	1.21e-11	49.7
PITG01000012.1:199417-199545	21606	100.000	42	0	0	1	42	1	42	6.80e-24	80.9
PITG01000012.1:199417-199545	PITG01000005:c(3771-3899)	100.000	42	0	0	1	42	1	42	6.80e-24	80.9
PITG01000012.1:199582-199662	21607	100.000	26	0	0	1	26	1	26	3.83e-13	52.8
PITG01000012.1:199582-199662	PITG01000005:c(3654-3734)	100.000	26	0	0	1	26	1	26	3.83e-13	52.8
PITG01000012.1:18377-18463	21608	100.000	28	0	0	1	28	1	28	9.02e-16	59.3
PITG01000012.1:51449-51550	21609	100.000	33	0	0	1	33	1	33	6.38e-20	70.1
PITG01000012.1:96719-96802	21610	100.000	27	0	0	1	27	1	27	2.51e-14	55.8
PITG01000012.1:104801-104986	21611	100.000	61	0	0	1	61	1	61	4.42e-38	117
PITG01000012.1:120506-120718	21612	100.000	70	0	0	1	70	1	70	3.79e-43	131
PITG01000012.1:127931-128026	21613	100.000	31	0	0	1	31	1	31	3.18e-17	63.2
PITG01000012.1:157568-157648	21614	100.000	26	0	0	1	26	1	26	1.34e-12	51.2
PITG01000012.1:158726-158836	21615	100.000	36	0	0	1	36	1	36	1.18e-22	77.4
PITG01000012.1:178385-178471	21616	100.000	28	0	0	1	28	1	28	1.82e-15	58.5
PITG01000012.1:179987-180100	21617	100.000	37	0	0	1	37	1	37	1.23e-20	72.4
PITG01000012.1:185306-185491	21618	100.000	61	0	0	1	61	1	61	2.76e-40	123
PITG01000012.1:204065-204169	21619	100.000	34	0	0	1	34	1	34	1.01e-20	72.4
PITG01000012.1:8754-8960	25308	35.000	40	26	0	8	47	9	48	4.06e-06	37.4
PITG01000012.1:8754-8960	22020	35.000	40	26	0	11	50	15	54	9.56e-06	36.6
PITG01000012.1:23118-23300	25295	41.667	60	35	0	1	60	1	60	3.74e-13	55.1
PITG01000012.1:23118-23300	22029	43.333	60	34	0	1	60	1	60	3.46e-12	52.8
PITG01000012.1:53226-53318	21620	100.000	30	0	0	1	30	1	30	3.74e-17	63.2
PITG01000012.1:74277-74357	21621	100.000	26	0	0	1	26	1	26	1.16e-13	53.9
PITG01000012.1:77142-77264	21622	100.000	40	0	0	1	40	1	40	2.38e-22	76.6
PITG01000012.1:96495-96674	21623	100.000	59	0	0	1	59	1	59	2.06e-38	118
PITG01000012.1:127203-127295	21624	100.000	30	0	0	1	30	1	30	1.87e-15	58.9
PITG01000012.1:144180-144263	21625	100.000	27	0	0	1	27	1	27	6.73e-15	57.0
PITG01000012.1:145044-145130	21626	100.000	28	0	0	1	28	1	28	2.33e-16	60.8
PITG01000012.1:150081-150221	21627	100.000	46	0	0	1	46	1	46	2.46e-28	92.4
PITG01000012.1:160668-160781	21628	100.000	37	0	0	1	37	1	37	1.62e-22	77.0
PITG01000012.1:184962-185060	21629	100.000	32	0	0	1	32	1	32	1.39e-17	64.3
PITG01000012.1:201297-201380	21630	100.000	27	0	0	1	27	1	27	3.69e-14	55.5
PITG01000012.1:214665-214766	21631	100.000	33	0	0	1	33	1	33	2.43e-16	61.2
PITG01000012.1:c(214332-214451)	PITG01000012:c(214332-214451)	100.000	39	0	0	1	39	1	39	4.18e-20	71.2
PITG01000012.1:c(214332-214451)	PITG01000007:c(540-662)	78.947	38	8	0	2	39	3	40	2.71e-14	56.6
PITG01000012.1:c(202236-202346)	PITG01000012:c(202236-202346)	100.000	36	0	0	1	36	1	36	2.07e-20	71.6
PITG01000012.1:c(202101-202181)	PITG01000012:c(202101-202181)	100.000	26	0	0	1	26	1	26	7.91e-13	52.0
PITG01000012.1:c(183672-183791)	PITG01000012:c(183672-183791)	100.000	39	0	0	1	39	1	39	4.20e-25	83.6
PITG01000012.1:c(183519-183626)	PITG01000012:c(183519-183626)	100.000	35	0	0	1	35	1	35	3.37e-18	65.9
PITG01000012.1:c(180039-180125)	PITG01000012:c(180039-180125)	100.000	28	0	0	1	28	1	28	7.04e-15	57.0
PITG01000012.1:c(140274-140354)	PITG01000012:c(140274-140354)	100.000	26	0	0	1	26	1	26	2.52e-13	53.1
PITG01000012.1:c(105294-105377)	PITG01000012:c(105294-105377)	100.000	27	0	0	1	27	1	27	1.45e-14	56.2
PITG01000012.1:c(105294-105377)	21604	100.000	27	0	0	1	27	1	27	1.45e-14	56.2
PITG01000012.1:c(94230-94394)	PITG01000012:c(94230-94394)	100.000	54	0	0	1	54	1	54	1.00e-33	106
PITG01000012.1:c(87114-87197)	PITG01000012:c(87114-87197)	100.000	27	0	0	1	27	1	27	9.99e-15	56.6
PITG01000012.1:c(72783-72935)	PITG01000012:c(72783-72935)	100.000	50	0	0	1	50	1	50	3.14e-32	102
PITG01000012.1:c(53286-53366)	PITG01000012:c(53286-53366)	100.000	26	0	0	1	26	1	26	4.91e-14	55.1
PITG01000012.1:c(21825-21905)	PITG01000012:c(21825-21905)	100.000	26	0	0	1	26	1	26	6.32e-14	54.7
PITG01000012.1:c(18330-18452)	PITG01000012:c(18330-18452)	100.000	40	0	0	1	40	1	40	1.58e-24	82.4
PITG01000012.1:c(7650-7871)	CP002720:c(5153-5374)	64.384	73	26	0	1	73	1	73	3.39e-34	108
PITG01000012.1:c(7650-7871)	CP003525:c(5090-5311)	61.644	73	28	0	1	73	1	73	6.15e-32	103
PITG01000012.1:c(2808-2987)	PITG01000012:c(2808-2987)	100.000	59	0	0	1	59	1	59	6.91e-38	117
PITG01000012.1:c(214643-214726)	PITG01000012:c(214643-214726)	100.000	27	0	0	1	27	1	27	3.63e-13	52.8
PITG01000012.1:c(214448-214537)	PITG01000012:c(214448-214537)	100.000	29	0	0	1	29	1	29	7.02e-16	59.7
PITG01000012.1:c(199571-199687)	PITG01000012:c(199571-199687)	100.000	38	0	0	1	38	1	38	1.37e-21	74.7
PITG01000012.1:c(199571-199687)	21485	100.000	38	0	0	1	38	1	38	1.37e-21	74.7
PITG01000012.1:c(153287-153385)	PITG01000012:c(153287-153385)	100.000	32	0	0	1	32	1	32	1.44e-18	66.6
PITG01000012.1:c(115286-115459)	PITG01000012:c(115286-115459)	100.000	57	0	0	1	57	1	57	2.31e-34	108
PITG01000012.1:c(94208-94318)	PITG01000012:c(94208-94318)	100.000	36	0	0	1	36	1	36	4.67e-22	75.9
PITG01000012.1:c(88658-88807)	PITG01000012:c(88658-88807)	100.000	49	0	0	1	49	1	49	2.15e-31	100
PITG01000012.1:c(72851-72931)	PITG01000012:c(72851-72931)	100.000	26	0	0	1	26	1	26	1.22e-13	53.9
PITG01000012.1:c(18197-18301)	CM017448:c(198776-198943)	53.125	32	15	0	3	34	13	44	3.68e-06	36.2
PITG01000012.1:c(18077-18184)	PITG01000012:c(18077-18184)	100.000	35	0	0	1	35	1	35	7.04e-20	70.1
PITG01000012.1:c(184960-185172)	PITG01000012:c(184960-185172)	100.000	70	0	0	1	70	1	70	2.16e-49	147
PITG01000012.1:c(160702-160815)	PITG01000012:c(160702-160815)	100.000	37	0	0	1	37	1	37	5.16e-21	73.2
PITG01000012.1:c(140269-140349)	PITG01000012:c(140269-140349)	100.000	26	0	0	1	26	1	26	3.56e-15	57.8
PITG01000012.1:c(103552-103638)	PITG01000012:c(103552-103638)	100.000	28	0	0	1	28	1	28	5.75e-16	60.1
PITG01000012.1:c(88942-89040)	PITG01000012:c(88942-89040)	100.000	32	0	0	1	32	1	32	1.50e-16	61.6
PITG01000012.1:c(83215-83304)	PITG01000012:c(83215-83304)	100.000	29	0	0	1	29	1	29	5.48e-15	57.4
PITG01000012.1:c(64069-64164)	PITG01000012:c(64069-64164)	100.000	31	0	0	1	31	1	31	1.58e-16	61.6
PITG01000012.1:c(53266-53406)	PITG01000012:c(53266-53406)	100.000	46	0	0	1	46	1	46	3.78e-30	97.1
PITG01000013.1:4450-4554	21632	100.000	34	0	0	1	34	1	34	2.68e-21	73.9
PITG01000013.1:53485-53598	21633	100.000	37	0	0	1	37	1	37	4.14e-23	78.6
PITG01000013.1:c(62283-62393)	PITG01000013:c(62283-62393)	100.000	36	0	0	1	36	1	36	7.96e-21	72.8
PITG01000013.1:c(61938-62039)	PITG01000013:c(61938-62039)	100.000	33	0	0	1	33	1	33	4.72e-19	68.2
PITG01000013.1:c(62111-62230)	PITG01000013:c(62111-62230)	100.000	39	0	0	1	39	1	39	1.09e-21	75.1
PITG01000013.1:c(22556-22648)	PITG01000013:c(22556-22648)	100.000	30	0	0	1	30	1	30	9.36e-16	59.7
PITG01000013.1:c(51835-51942)	PITG01000013:c(51835-51942)	100.000	35	0	0	1	35	1	35	4.39e-20	70.9
PITG01000014.1:6217-6360	21634	100.000	47	0	0	1	47	1	47	2.76e-29	94.7
PITG01000014.1:13228-13323	21635	100.000	31	0	0	1	31	1	31	4.40e-16	60.5
PITG01000014.1:25769-25858	21636	100.000	29	0	0	1	29	1	29	2.00e-16	61.2
PITG01000014.1:43580-43690	21637	100.000	36	0	0	1	36	1	36	4.83e-22	75.9
PITG01000014.1:45341-45436	21638	100.000	31	0	0	1	31	1	31	4.70e-18	65.5
PITG01000014.1:48638-48733	21639	100.000	31	0	0	1	31	1	31	3.50e-18	65.9
PITG01000014.1:5952-6050	21640	100.000	32	0	0	1	32	1	32	5.72e-19	67.8
PITG01000014.1:11046-11204	21641	100.000	52	0	0	1	52	1	52	5.42e-31	99.4
PITG01000014.1:11340-11435	21642	100.000	31	0	0	1	31	1	31	4.60e-16	60.5
PITG01000014.1:27420-27521	21643	100.000	33	0	0	1	33	1	33	6.60e-20	70.1
PITG01000014.1:c(64329-64463)	PITG01000014:c(64329-64463)	100.000	44	0	0	1	44	1	44	1.15e-27	90.5
PITG01000014.1:c(39791-39994)	PITG01000014:c(39791-39994)	100.000	67	0	0	1	67	1	67	8.01e-45	135
PITG01000014.1:c(27491-27613)	PITG01000014:c(27491-27613)	100.000	40	0	0	1	40	1	40	3.54e-26	86.7
PITG01000014.1:c(1718-1816)	PITG01000014:c(1718-1816)	100.000	32	0	0	1	32	1	32	3.39e-18	65.9
PITG01000014.1:c(63328-63423)	PITG01000014:c(63328-63423)	100.000	31	0	0	1	31	1	31	1.27e-18	66.6
PITG01000014.1:c(38617-38730)	PITG01000014:c(38617-38730)	100.000	37	0	0	1	37	1	37	6.75e-22	75.5
PITG01000014.1:c(10912-11043)	PITG01000014:c(10912-11043)	100.000	43	0	0	1	43	1	43	5.89e-26	86.3
PITG01000015.1:1501-1590	21644	100.000	29	0	0	1	29	1	29	3.36e-16	60.5
PITG01000015.1:2890-3000	21645	100.000	36	0	0	1	36	1	36	1.88e-20	71.6
PITG01000015.1:3001-3111	21646	100.000	36	0	0	1	36	1	36	1.66e-22	77.0
PITG01000015.1:3379-3486	21647	100.000	35	0	0	1	35	1	35	6.74e-20	70.5
PITG01000015.1:30925-31029	21648	100.000	34	0	0	1	34	1	34	1.83e-20	71.6
PITG01000015.1:31999-32097	21649	100.000	32	0	0	1	32	1	32	2.50e-20	71.2
PITG01000015.1:62491-62661	21650	100.000	56	0	0	1	56	1	56	3.49e-37	115
PITG01000015.1:71542-71634	21651	100.000	30	0	0	1	30	1	30	2.49e-17	63.5
PITG01000015.1:90094-90261	21652	100.000	55	0	0	1	55	1	55	3.17e-38	117
PITG01000015.1:105859-105942	21653	100.000	27	0	0	1	27	1	27	1.11e-14	56.6
PITG01000015.1:118939-119070	21654	100.000	43	0	0	1	43	1	43	9.71e-25	83.2
PITG01000015.1:126955-127146	21655	100.000	63	0	0	1	63	1	63	1.59e-40	124
PITG01000015.1:153052-153144	21656	100.000	30	0	0	1	30	1	30	1.94e-16	61.2
PITG01000015.1:191512-191655	21657	100.000	47	0	0	1	47	1	47	7.16e-32	101
PITG01000015.1:203980-204087	21658	100.000	35	0	0	1	35	1	35	1.68e-19	69.3
PITG01000015.1:207970-208086	21659	100.000	38	0	0	1	38	1	38	2.73e-24	81.6
PITG01000015.1:208675-208758	21660	100.000	27	0	0	1	27	1	27	1.18e-12	51.6
PITG01000015.1:234115-234291	21661	100.000	58	0	0	1	58	1	58	2.27e-38	118
PITG01000015.1:1541-1642	21662	100.000	33	0	0	1	33	1	33	9.90e-18	64.7
PITG01000015.1:3197-3394	21663	100.000	65	0	0	1	65	1	65	1.97e-42	129
PITG01000015.1:3437-3661	21664	100.000	74	0	0	1	74	1	74	5.45e-50	149
PITG01000015.1:27344-27535	21665	100.000	63	0	0	1	63	1	63	3.13e-43	131
PITG01000015.1:102299-102379	21666	100.000	26	0	0	1	26	1	26	1.67e-14	56.2
PITG01000015.1:208013-208123	21667	100.000	36	0	0	1	36	1	36	4.85e-19	68.2
PITG01000015.1:208535-208675	21668	100.000	46	0	0	1	46	1	46	7.08e-30	96.3
PITG01000015.1:236816-236965	21669	100.000	49	0	0	1	49	1	49	2.40e-31	100
PITG01000015.1:3024-3122	21670	100.000	32	0	0	1	32	1	32	7.53e-19	67.4
PITG01000015.1:64665-64775	21671	100.000	36	0	0	1	36	1	36	5.39e-22	75.5
PITG01000015.1:125826-125909	21672	100.000	27	0	0	1	27	1	27	4.31e-14	55.1
PITG01000015.1:137109-137207	21673	100.000	32	0	0	1	32	1	32	2.70e-18	66.2
PITG01000015.1:146733-146813	21674	100.000	26	0	0	1	26	1	26	2.91e-13	53.1
PITG01000015.1:178818-178907	21675	100.000	29	0	0	1	29	1	29	7.83e-16	59.7
PITG01000015.1:186453-186560	21676	100.000	35	0	0	1	35	1	35	1.09e-20	72.4
PITG01000015.1:208314-208493	21677	100.000	59	0	0	1	59	1	59	1.06e-39	122
PITG01000015.1:228882-228989	21678	100.000	35	0	0	1	35	1	35	4.00e-19	68.2
PITG01000015.1:236301-236390	21679	100.000	29	0	0	1	29	1	29	9.50e-17	62.0
PITG01000015.1:238500-238658	21680	100.000	52	0	0	1	52	1	52	7.06e-33	104
PITG01000015.1:c(236758-236952)	PITG01000015:c(236758-236952)	100.000	64	0	0	1	64	1	64	5.72e-44	133
PITG01000015.1:c(224857-225009)	PITG01000015:c(224857-225009)	100.000	50	0	0	1	50	1	50	9.97e-34	106
PITG01000015.1:c(137050-137145)	PITG01000015:c(137050-137145)	100.000	31	0	0	1	31	1	31	7.18e-19	67.4
PITG01000015.1:c(125863-125952)	PITG01000015:c(125863-125952)	100.000	29	0	0	1	29	1	29	1.56e-16	61.2
PITG01000015.1:c(102286-102384)	PITG01000015:c(102286-102384)	100.000	32	0	0	1	32	1	32	7.53e-19	67.4
PITG01000015.1:c(97591-97698)	PITG01000015:c(97591-97698)	100.000	35	0	0	1	35	1	35	2.43e-20	71.2
PITG01000015.1:c(88639-88725)	PITG01000015:c(88639-88725)	100.000	28	0	0	1	28	1	28	3.43e-16	60.5
PITG01000015.1:c(27181-27261)	PITG01000015:c(27181-27261)	100.000	26	0	0	1	26	1	26	2.70e-13	53.1
PITG01000015.1:c(236337-236447)	PITG01000015:c(236337-236447)	100.000	36	0	0	1	36	1	36	1.68e-22	77.0
PITG01000015.1:c(236235-236318)	PITG01000015:c(236235-236318)	100.000	27	0	0	1	27	1	27	8.38e-15	57.0
PITG01000015.1:c(141024-141122)	PITG01000015:c(141024-141122)	100.000	32	0	0	1	32	1	32	5.13e-19	67.8
PITG01000015.1:c(88893-88976)	PITG01000015:c(88893-88976)	100.000	27	0	0	1	27	1	27	6.09e-15	57.4
PITG01000015.1:c(84678-84761)	PITG01000015:c(84678-84761)	100.000	27	0	0	1	27	1	27	9.46e-15	56.6
PITG01000015.1:c(56574-56702)	PITG01000015:c(56574-56702)	100.000	42	0	0	1	42	1	42	5.43e-27	88.6
PITG01000015.1:c(27432-27515)	PITG01000015:c(27432-27515)	100.000	27	0	0	1	27	1	27	1.80e-15	58.5
PITG01000015.1:c(4020-4103)	PITG01000015:c(4020-4103)	100.000	27	0	0	1	27	1	27	2.52e-16	60.8
PITG01000015.1:c(708-839)	PITG01000015:c(708-839)	100.000	43	0	0	1	43	1	43	1.61e-26	87.4
PITG01000015.1:c(708-839)	21484	100.000	43	0	0	1	43	1	43	1.61e-26	87.4
PITG01000015.1:c(708-839)	21388	100.000	43	0	0	1	43	1	43	1.61e-26	87.4
PITG01000015.1:c(236960-237181)	PITG01000015:c(236960-237181)	100.000	73	0	0	1	73	1	73	3.77e-48	144
PITG01000015.1:c(236552-236656)	PITG01000015:c(236552-236656)	100.000	34	0	0	1	34	1	34	7.69e-21	72.8
PITG01000015.1:c(234134-234349)	CP002724:c(232780-232983)	39.286	56	34	0	12	67	12	67	1.80e-09	46.2
PITG01000015.1:c(234134-234349)	22077	39.286	56	34	0	12	67	12	67	1.80e-09	46.2
PITG01000015.1:c(234134-234349)	CP002719:c(208397-208600)	39.286	56	34	0	12	67	12	67	1.80e-09	46.2
PITG01000015.1:c(210983-211081)	PITG01000015:c(210983-211081)	100.000	32	0	0	1	32	1	32	2.15e-15	58.9
PITG01000015.1:c(200270-200368)	PITG01000015:c(200270-200368)	100.000	32	0	0	1	32	1	32	3.49e-19	68.2
PITG01000015.1:c(174761-174856)	PITG01000015:c(174761-174856)	100.000	31	0	0	1	31	1	31	1.55e-16	61.6
PITG01000015.1:c(157916-157999)	PITG01000015:c(157916-157999)	100.000	27	0	0	1	27	1	27	3.84e-15	57.8
PITG01000015.1:c(111440-111532)	PITG01000015:c(111440-111532)	100.000	30	0	0	1	30	1	30	2.04e-17	63.5
PITG01000015.1:c(97553-97651)	PITG01000015:c(97553-97651)	100.000	32	0	0	1	32	1	32	3.51e-18	65.9
PITG01000015.1:c(9134-9343)	CP003530:c(9675-9887)	71.642	67	19	0	1	67	1	67	1.51e-31	102
PITG01000015.1:c(9134-9343)	CP002724:c(11104-11316)	70.149	67	20	0	1	67	1	67	3.62e-31	101
PITG01000015.1:c(497-598)	PITG01000015:c(497-598)	100.000	33	0	0	1	33	1	33	1.71e-16	61.6
PITG01000015.1:c(497-598)	21494	100.000	33	0	0	1	33	1	33	1.71e-16	61.6
PITG01000015.1:c(497-598)	21400	100.000	33	0	0	1	33	1	33	1.71e-16	61.6
PITG01000016.1:118-231	21681	100.000	37	0	0	1	37	1	37	3.99e-20	70.9
PITG01000016.1:2941-3051	21682	100.000	36	0	0	1	36	1	36	1.79e-20	71.6
PITG01000016.1:4549-4638	21683	100.000	29	0	0	1	29	1	29	1.15e-13	54.3
PITG01000016.1:4648-4755	21684	100.000	35	0	0	1	35	1	35	1.11e-21	74.7
PITG01000016.1:5410-5505	21685	100.000	31	0	0	1	31	1	31	4.75e-18	65.5
PITG01000016.1:c(5638-5793)	PITG01000016:c(5638-5793)	100.000	51	0	0	1	51	1	51	1.26e-32	103
PITG01000016.1:c(5291-5398)	PITG01000016:c(5291-5398)	100.000	35	0	0	1	35	1	35	1.28e-20	72.0
PITG01000016.1:c(4403-4492)	PITG01000016:c(4403-4492)	100.000	29	0	0	1	29	1	29	8.46e-16	59.7
PITG01000016.1:c(3920-4012)	PITG01000016:c(3920-4012)	100.000	30	0	0	1	30	1	30	2.14e-17	63.5
PITG01000017.1:472-660	21686	100.000	62	0	0	1	62	1	62	3.59e-41	125
PITG01000017.1:3145-3237	21687	100.000	30	0	0	1	30	1	30	3.80e-16	60.5
PITG01000017.1:3268-3420	21688	100.000	50	0	0	1	50	1	50	2.56e-31	100
PITG01000017.1:3784-3894	21689	100.000	36	0	0	1	36	1	36	1.81e-20	71.6
PITG01000017.1:10018-10110	21690	100.000	30	0	0	1	30	1	30	9.68e-18	64.7
PITG01000017.1:13519-13599	21691	100.000	26	0	0	1	26	1	26	2.24e-13	53.1
PITG01000017.1:15478-15558	21692	100.000	26	0	0	1	26	1	26	6.03e-12	49.7
PITG01000017.1:1556-1726	21693	100.000	56	0	0	1	56	1	56	6.23e-35	109
PITG01000017.1:5921-6043	21694	100.000	40	0	0	1	40	1	40	1.59e-21	74.7
PITG01000017.1:9185-9346	21695	100.000	53	0	0	1	53	1	53	6.62e-33	104
PITG01000017.1:12884-13021	21696	100.000	45	0	0	1	45	1	45	8.68e-27	88.2
PITG01000017.1:3084-3173	21697	100.000	29	0	0	1	29	1	29	1.22e-16	61.6
PITG01000017.1:4104-4304	21698	100.000	66	0	0	1	66	1	66	2.16e-42	129
PITG01000017.1:9762-9920	21699	100.000	52	0	0	1	52	1	52	9.18e-31	99.0
PITG01000017.1:9984-10073	21700	100.000	29	0	0	1	29	1	29	1.07e-16	62.0
PITG01000017.1:11499-11597	21701	100.000	32	0	0	1	32	1	32	1.15e-17	64.3
PITG01000017.1:c(16501-16602)	PITG01000017:c(16501-16602)	100.000	33	0	0	1	33	1	33	1.05e-16	62.0
PITG01000017.1:c(15139-15219)	PITG01000017:c(15139-15219)	100.000	26	0	0	1	26	1	26	1.06e-13	53.9
PITG01000017.1:c(12901-12984)	PITG01000017:c(12901-12984)	100.000	27	0	0	1	27	1	27	3.63e-13	52.8
PITG01000017.1:c(10411-10491)	PITG01000017:c(10411-10491)	100.000	26	0	0	1	26	1	26	1.92e-13	53.5
PITG01000017.1:c(10003-10098)	PITG01000017:c(10003-10098)	100.000	31	0	0	1	31	1	31	3.25e-17	63.2
PITG01000017.1:c(4222-4308)	PITG01000017:c(4222-4308)	100.000	28	0	0	1	28	1	28	3.52e-15	57.8
PITG01000017.1:c(3919-4005)	PITG01000017:c(3919-4005)	100.000	28	0	0	1	28	1	28	1.34e-15	58.9
PITG01000017.1:c(1528-1647)	PITG01000017:c(1528-1647)	100.000	39	0	0	1	39	1	39	3.51e-22	76.3
PITG01000017.1:c(15387-15479)	PITG01000017:c(15387-15479)	100.000	30	0	0	1	30	1	30	8.29e-16	59.7
PITG01000017.1:c(10266-10391)	PITG01000017:c(10266-10391)	100.000	41	0	0	1	41	1	41	4.04e-23	79.0
PITG01000017.1:c(5901-5984)	PITG01000017:c(5901-5984)	100.000	27	0	0	1	27	1	27	2.12e-13	53.5
PITG01000017.1:c(2442-2531)	PITG01000017:c(2442-2531)	100.000	29	0	0	1	29	1	29	6.22e-16	60.1
PITG01000017.1:c(11192-11431)	PITG01000017:c(11192-11431)	100.000	79	0	0	1	79	1	79	3.36e-48	144
PITG01000017.1:c(10187-10273)	PITG01000017:c(10187-10273)	100.000	28	0	0	1	28	1	28	9.68e-15	57.0
PITG01000017.1:c(2072-2224)	PITG01000017:c(2072-2224)	100.000	50	0	0	1	50	1	50	2.27e-27	90.1
PITG01000018.1:475-627	21702	100.000	50	0	0	1	50	1	50	7.04e-29	94.0
PITG01000018.1:5551-5727	21703	100.000	58	0	0	1	58	1	58	5.82e-41	125
PITG01000018.1:12142-12261	21704	100.000	39	0	0	1	39	1	39	1.67e-23	79.7
PITG01000018.1:959-1045	21705	100.000	28	0	0	1	28	1	28	3.41e-15	58.2
PITG01000018.1:63-161	21706	100.000	32	0	0	1	32	1	32	4.11e-17	63.2
PITG01000018.1:c(10474-10575)	PITG01000018:c(10474-10575)	100.000	33	0	0	1	33	1	33	1.78e-18	66.6
PITG01000018.1:c(9589-9696)	PITG01000018:c(9589-9696)	100.000	35	0	0	1	35	1	35	1.14e-19	69.7
PITG01000018.1:c(9100-9219)	PITG01000018:c(9100-9219)	100.000	39	0	0	1	39	1	39	5.63e-24	80.9
PITG01000018.1:c(8560-8658)	PITG01000018:c(8560-8658)	100.000	32	0	0	1	32	1	32	1.55e-17	64.3
PITG01000018.1:c(6712-6813)	PITG01000018:c(6712-6813)	100.000	33	0	0	1	33	1	33	4.98e-19	67.8
PITG01000018.1:c(5503-5595)	PITG01000018:c(5503-5595)	100.000	30	0	0	1	30	1	30	3.10e-17	63.2
PITG01000018.1:c(10215-10295)	PITG01000018:c(10215-10295)	100.000	26	0	0	1	26	1	26	2.87e-14	55.5
PITG01000018.1:c(5226-5417)	PITG01000018:c(5226-5417)	100.000	63	0	0	1	63	1	63	4.25e-41	125
PITG01000018.1:c(3807-3956)	PITG01000018:c(3807-3956)	100.000	49	0	0	1	49	1	49	5.65e-31	99.4
PITG01000018.1:c(13076-13162)	PITG01000018:c(13076-13162)	100.000	28	0	0	1	28	1	28	2.31e-11	48.1
PITG01000018.1:c(6743-6838)	PITG01000018:c(6743-6838)	100.000	31	0	0	1	31	1	31	2.34e-17	63.5
PITG01000018.1:c(6593-6673)	PITG01000018:c(6593-6673)	100.000	26	0	0	1	26	1	26	4.19e-15	57.8
PITG01000018.1:c(6401-6505)	PITG01000018:c(6401-6505)	100.000	34	0	0	1	34	1	34	3.89e-19	68.2
PITG01000018.1:c(3728-3814)	PITG01000018:c(3728-3814)	100.000	28	0	0	1	28	1	28	1.03e-15	59.3
PITG01000018.1:c(806-979)	PITG01000018:c(806-979)	100.000	57	0	0	1	57	1	57	7.48e-34	107
