PITG01000001.1:100561-100785	PITG01000001_100561-100785	100.000	74	0	0	1	74	1	74	1.68e-52	151
PITG01000001.1:100561-100785	JACCJH010000001_93203-93388	90.164	61	6	0	14	74	1	61	5.32e-39	117
PITG01000001.1:183379-183597	PITG01000001_183379-183597	100.000	72	0	0	1	72	1	72	1.68e-49	144
PITG01000001.1:183379-183597	Chr06_c_87540-87743_	28.571	70	47	1	1	70	1	67	7.57e-12	48.9
PITG01000001.1:183379-183597	Chr05_c_87540-87743_	28.571	70	47	1	1	70	1	67	7.57e-12	48.9
PITG01000001.1:183379-183597	CM017452_c_10248-10454_	34.375	64	41	1	3	65	2	65	2.93e-10	45.1
PITG01000001.1:183379-183597	ACOL01000095BRL01_000095_c_1955-2161_	27.692	65	43	1	1	65	1	61	8.41e-07	36.2
PITG01000001.1:183379-183597	NW_001849445_10683-10904	34.783	46	30	0	1	46	1	46	1.19e-06	35.8
PITG01000001.1:288892-289089	PITG01000001_288892-289089	100.000	65	0	0	1	65	1	65	4.93e-45	132
PITG01000001.1:288892-289089	CP001946_c_14231-14392_	54.839	31	14	0	34	64	20	50	1.10e-07	37.7
PITG01000001.1:279812-279991	PITG01000001_279812-279991	100.000	59	0	0	1	59	1	59	2.53e-40	120
PITG01000001.1:279812-279991	CP001946_c_24800-24976_	65.517	58	19	1	1	58	1	57	8.98e-25	80.9
PITG01000001.1:279812-279991	ACOL01000119BRL01_000119_8477-8668	48.980	49	24	1	12	59	15	63	3.11e-13	51.6
PITG01000001.1:279812-279991	NW_003103248_c_823-993_	46.667	45	22	1	17	59	10	54	6.90e-10	43.1
PITG01000001.1:279812-279991	JH605023_c_252406-252591_	41.935	31	18	0	19	49	25	55	2.98e-06	33.9
PITG01000001.1:287390-287488	PITG01000001_287390-287488	100.000	32	0	0	1	32	1	32	1.40e-20	68.2
PITG01000001.1:287390-287488	JACCJH010000001_278114-278212	56.250	32	14	0	1	32	1	32	4.11e-09	39.3
PITG01000001.1:202158-202250	PITG01000001_202158-202250	100.000	30	0	0	1	30	1	30	3.00e-18	62.4
PITG01000001.1:202158-202250	JACCJH010000001_193874-194104	84.000	25	4	0	1	25	7	31	4.94e-12	47.8
PITG01000001.1:288852-288986	PITG01000001_288852-288986	100.000	44	0	0	1	44	1	44	7.05e-30	92.4
PITG01000001.1:288852-288986	JACCJH010000001_279577-279678	60.606	33	13	0	1	33	1	33	1.70e-09	40.8
PITG01000001.1:c(241619-241744)	PITG01000001_c_241619-241744_	100.000	41	0	0	1	41	1	41	9.18e-25	79.3
PITG01000001.1:c(241619-241744)	JACCJH010000001_c_232574-232699_	80.488	41	8	0	1	41	1	41	2.11e-18	63.5
PITG01000001.1:c(68285-68467)	PITG01000001_c_68285-68467_	100.000	60	0	0	1	60	1	60	1.39e-42	125
PITG01000001.1:c(68285-68467)	NW_003102062_961-1044	62.500	24	9	0	16	39	3	26	1.66e-07	36.6
PITG01000001.1:c(68285-68467)	NW_003102063_926-1009	62.500	24	9	0	16	39	3	26	1.66e-07	36.6
PITG01000001.1:c(68285-68467)	NW_003102984_908-991	62.500	24	9	0	16	39	3	26	1.66e-07	36.6
PITG01000001.1:c(68285-68467)	NW_003103676_541-624	62.500	24	9	0	16	39	3	26	1.66e-07	36.6
PITG01000001.1:c(68285-68467)	NW_001849444_86714-86797	62.500	24	9	0	16	39	3	26	1.66e-07	36.6
PITG01000001.1:c(184978-185202)	PITG01000001_c_184978-185202_	100.000	74	0	0	1	74	1	74	4.90e-50	145
PITG01000001.1:c(184978-185202)	CP001946_115369-115590	66.197	71	23	1	5	74	3	73	4.80e-28	90.1
PITG01000001.1:c(184978-185202)	CM017453_c_87800-88024_	50.000	72	33	1	3	71	2	73	1.17e-18	66.2
PITG01000001.1:c(184978-185202)	ACOL01000095BRL01_000095_c_4866-5090_	50.000	68	34	0	4	71	6	73	3.25e-17	62.8
PITG01000001.1:c(150808-150897)	JACCJH010000001_c_142944-143033_	100.000	29	0	0	1	29	1	29	2.31e-17	60.1
PITG01000001.1:c(150808-150897)	PITG01000001_c_150808-150897_	100.000	29	0	0	1	29	1	29	2.31e-17	60.1
PITG01000001.1:c(34741-34830)	PITG01000001_c_34741-34830_	100.000	29	0	0	1	29	1	29	5.16e-17	59.3
PITG01000001.1:c(198414-198656)	PITG01000001_c_198414-198656_	100.000	80	0	0	1	80	1	80	3.18e-57	164
PITG01000001.1:c(198414-198656)	JACCJH010000001_c_190136-190378_	87.500	80	10	0	1	80	1	80	3.44e-50	146
PITG01000002.1:11104-11328	PITG01000002_11104-11328	100.000	74	0	0	1	74	1	74	1.80e-53	154
PITG01000002.1:11104-11328	CP001943_c_90133-90369_	41.176	68	40	0	7	74	8	75	5.59e-16	59.7
PITG01000002.1:11104-11328	ACOL01000019BRL01_000019_1799-2038	37.838	74	43	2	1	73	1	72	7.57e-08	38.9
PITG01000002.1:22615-22848	PITG01000002_22615-22848	100.000	77	0	0	1	77	1	77	2.62e-54	156
PITG01000002.1:22615-22848	CP001943_c_79350-79583_	94.805	77	4	0	1	77	1	77	8.56e-52	150
PITG01000002.1:22615-22848	AL590442_c_91138-91371_	94.805	77	4	0	1	77	1	77	8.56e-52	150
PITG01000002.1:22615-22848	JH605023_32256-32495	93.421	76	5	0	1	76	1	76	2.50e-50	146
PITG01000002.1:22615-22848	ACOL01000011BRL01_000011_965-1198	90.909	77	7	0	1	77	1	77	7.55e-50	145
PITG01000002.1:22615-22848	AKIJ01000001_c_891506-891739_	89.610	77	8	0	1	77	1	77	9.83e-50	145
PITG01000002.1:22615-22848	AKIJ01000001_856287-856517	52.632	76	36	0	1	76	1	76	1.10e-23	79.3
PITG01000002.1:22615-22848	JH605023_c_83478-83708_	48.684	76	39	0	1	76	1	76	1.14e-21	74.3
PITG01000002.1:187615-187740	PITG01000002_187615-187740	100.000	41	0	0	1	41	1	41	2.62e-27	85.9
PITG01000002.1:187615-187740	ACOL01004928BRL01_004928_192-290	65.385	26	9	0	15	40	5	30	5.17e-08	37.0
PITG01000002.1:20483-20653	PITG01000002_20483-20653	100.000	56	0	0	1	56	1	56	1.79e-39	117
PITG01000002.1:20483-20653	ACOL01000656BRL01_000656_316-426	60.606	33	13	0	21	53	1	33	1.09e-09	42.0
PITG01000002.1:c(227654-227821)	PITG01000002_c_227654-227821_	100.000	55	0	0	1	55	1	55	4.06e-38	114
PITG01000002.1:c(227654-227821)	JACCJH010000004_c_181360-181458_	59.375	32	13	0	24	55	1	32	2.03e-07	36.2
PITG01000002.1:c(206312-206515)	PITG01000002_c_206312-206515_	100.000	67	0	0	1	67	1	67	3.05e-46	135
PITG01000002.1:c(206312-206515)	JACCJH010000004_c_160257-160460_	97.015	67	2	0	1	67	1	67	2.06e-45	133
PITG01000002.1:c(206312-206515)	CP001950_154558-154755	79.661	59	12	0	9	67	7	65	4.66e-33	102
PITG01000002.1:c(206312-206515)	AL590451_c_146280-146477_	81.356	59	11	0	9	67	7	65	1.18e-32	101
PITG01000002.1:c(206312-206515)	Chr09_531483-531686	54.237	59	27	0	9	67	8	66	2.38e-20	70.1
PITG01000002.1:c(206312-206515)	JH605024_422896-423099	36.207	58	37	0	10	67	9	66	1.29e-08	40.4
PITG01000002.1:c(206312-206515)	AKIJ01000002_c_364393-364596_	36.207	58	37	0	10	67	9	66	1.69e-08	40.0
PITG01000002.1:c(198535-198723)	PITG01000002_c_198535-198723_	100.000	62	0	0	1	62	1	62	2.57e-41	122
PITG01000002.1:c(198535-198723)	JACCJH010000004_c_152603-152791_	85.484	62	9	0	1	62	1	62	4.71e-35	107
PITG01000002.1:c(198535-198723)	AL590451_c_138717-138899_	50.000	60	30	0	1	60	1	60	1.30e-17	62.8
PITG01000002.1:c(198535-198723)	CP001950_162096-162305	52.632	57	27	0	1	57	10	66	4.91e-17	61.6
PITG01000002.1:c(198535-198723)	ACOL01000236BRL01_000236_3536-3706	42.593	54	31	0	5	58	3	56	3.07e-09	41.6
PITG01000002.1:c(29986-30087)	PITG01000002_c_29986-30087_	100.000	33	0	0	1	33	1	33	2.64e-20	67.8
PITG01000002.1:c(29986-30087)	CP001943_72779-72988	64.516	31	11	0	3	33	39	69	9.35e-10	42.0
PITG01000002.1:c(118998-119177)	PITG01000002_c_118998-119177_	100.000	59	0	0	1	59	1	59	1.63e-38	115
PITG01000002.1:c(118998-119177)	JACCJH010000004_c_74600-74779_	81.356	59	11	0	1	59	1	59	7.86e-32	98.6
PITG01000002.1:c(109434-109601)	PITG01000002_c_109434-109601_	100.000	55	0	0	1	55	1	55	1.40e-37	112
PITG01000002.1:c(109434-109601)	AKIJ01000004_c_245032-245136_	55.172	29	13	0	4	32	3	31	1.98e-07	36.2
PITG01000002.1:c(86328-86501)	PITG01000002_c_86328-86501_	100.000	57	0	0	1	57	1	57	1.57e-35	107
PITG01000002.1:c(86328-86501)	CP001943_17190-17369	61.224	49	19	0	1	49	1	49	5.81e-18	63.5
PITG01000002.1:c(86328-86501)	AL590442_29134-29307	58.182	55	23	0	1	55	1	55	9.08e-18	63.2
PITG01000002.1:c(86328-86501)	ACOL01000184BRL01_000184_c_1397-1564_	47.170	53	28	0	1	53	1	53	1.55e-10	44.7
PITG01000002.1:c(86328-86501)	Chr02_c_248914-249087_	44.643	56	28	2	1	55	1	54	2.23e-08	39.3
PITG01000003.1:54856-55044	PITG01000003_54856-55044	100.000	62	0	0	1	62	1	62	1.22e-42	125
PITG01000003.1:54856-55044	JACCJH010000005_3243-3422	79.661	59	12	0	4	62	1	59	3.84e-31	97.1
PITG01000003.1:54856-55044	AL590443_c_140713-140883_	49.057	53	26	1	10	62	5	56	5.80e-12	48.5
PITG01000003.1:158029-158205	PITG01000003_158029-158205	100.000	58	0	0	1	58	1	58	5.97e-39	116
PITG01000003.1:158029-158205	CP001944_c_28123-28344_	83.333	30	5	0	1	30	36	65	2.02e-15	57.4
PITG01000003.1:c(11296-11520)	PITG01000003_c_11296-11520_	100.000	74	0	0	1	74	1	74	7.47e-52	150
PITG01000003.1:c(11296-11520)	JACCJH010000005_c_133241-133471_	77.632	76	15	1	1	74	1	76	3.98e-41	123
PITG01000003.1:c(170072-170248)	PITG01000003_c_170072-170248_	100.000	58	0	0	1	58	1	58	6.52e-39	116
PITG01000003.1:c(170072-170248)	JACCJH010000005_c_116624-116800_	96.552	58	2	0	1	58	1	58	7.47e-38	113
PITG01000003.1:c(170072-170248)	CP001944_16357-16527	41.176	51	30	0	3	53	2	52	4.70e-12	48.5
PITG01000004.1:70249-70482	PITG01000004_70249-70482	100.000	77	0	0	1	77	1	77	5.61e-56	160
PITG01000004.1:70249-70482	JACCJH010000006_c_186053-186286_	89.610	77	8	0	1	77	1	77	2.53e-49	144
PITG01000004.1:70249-70482	AL590444_19413-19613	64.062	64	22	1	14	77	4	66	4.31e-26	85.1
PITG01000004.1:70249-70482	CP001945_7186-7386	64.062	64	22	1	14	77	4	66	6.19e-26	84.7
PITG01000004.1:70249-70482	ACOL01000020BRL01_000020_c_18977-19183_	44.444	63	32	2	17	77	7	68	6.06e-17	62.0
PITG01000004.1:70249-70482	Chr07_83573-83764	61.905	42	14	1	38	77	22	63	3.83e-15	57.4
PITG01000004.1:70249-70482	AKIJ01000004_c_50547-50741_	54.167	48	18	2	29	74	16	61	5.66e-13	52.0
PITG01000004.1:70249-70482	JH605027_c_56033-56227_	58.974	39	14	1	38	74	23	61	1.70e-12	50.8
PITG01000004.1:70139-70270	PITG01000004_70139-70270	100.000	43	0	0	1	43	1	43	4.24e-27	85.5
PITG01000004.1:238490-238729	PITG01000004_238490-238729	100.000	79	0	0	1	79	1	79	6.83e-59	168
PITG01000004.1:238490-238729	ACOL01000152BRL01_000152_289-408	36.000	50	18	1	29	78	3	38	5.19e-07	36.2
PITG01000004.1:184899-185102	PITG01000004_184899-185102	100.000	67	0	0	1	67	1	67	3.93e-48	140
PITG01000004.1:184899-185102	CP001945_121269-121442	75.439	57	14	0	11	67	1	57	9.40e-31	96.3
PITG01000004.1:184899-185102	AL590444_133980-134153	70.175	57	17	0	11	67	1	57	7.77e-29	91.3
PITG01000004.1:184899-185102	Chr06_330690-330884	52.273	44	18	2	11	53	1	42	5.64e-10	43.9
PITG01000004.1:184899-185102	Chr05_330690-330884	52.273	44	18	2	11	53	1	42	5.64e-10	43.9
PITG01000004.1:184899-185102	NW_003102068_5052-5216	48.649	37	19	0	11	47	1	37	6.18e-09	40.8
PITG01000004.1:184899-185102	ACOL01000988BRL01_000988_c_497-664_	41.304	46	27	0	11	56	1	46	2.03e-08	39.7
PITG01000004.1:258267-258461	PITG01000004_258267-258461	100.000	64	0	0	1	64	1	64	1.61e-43	128
PITG01000004.1:258267-258461	ACOL01000047BRL01_000047_12416-12607	49.275	69	21	3	1	64	1	60	9.57e-16	58.2
PITG01000004.1:258267-258461	Chr06_c_730843-731061_	47.541	61	22	3	4	64	5	55	1.50e-09	42.7
PITG01000004.1:258267-258461	Chr05_c_730843-731061_	47.541	61	22	3	4	64	5	55	1.50e-09	42.7
PITG01000004.1:c(69735-69827)	PITG01000004_c_69735-69827_	100.000	30	0	0	1	30	1	30	1.83e-18	62.8
PITG01000004.1:c(69735-69827)	JACCJH010000006_186429-186623	76.667	30	7	0	1	30	35	64	3.28e-14	52.8
PITG01000004.1:c(254996-255229)	PITG01000004_c_254996-255229_	100.000	77	0	0	1	77	1	77	6.48e-53	153
PITG01000004.1:c(254996-255229)	JACCJH010000006_3333-3566	79.221	77	16	0	1	77	1	77	1.17e-40	122
PITG01000004.1:c(254996-255229)	CP001945_c_190173-190406_	50.649	77	38	0	1	77	1	77	2.72e-22	75.9
PITG01000004.1:c(50873-50992)	PITG01000004_c_50873-50992_	100.000	39	0	0	1	39	1	39	2.58e-25	80.9
PITG01000004.1:c(50873-50992)	JACCJH010000006_205022-205141	92.308	39	3	0	1	39	1	39	4.64e-24	77.4
PITG01000004.1:c(50873-50992)	AL590451_c_52254-52373_	79.487	39	8	0	1	39	1	39	6.67e-20	67.0
PITG01000004.1:c(50873-50992)	ACOL01000086BRL01_000086_3449-3607	51.282	39	19	0	1	39	14	52	8.82e-13	49.3
PITG01000004.1:c(50873-50992)	JH605028_158873-159034	41.026	39	23	0	1	39	14	52	1.72e-07	36.2
PITG01000004.1:c(50873-50992)	AKIJ01000004_c_577881-578042_	38.462	39	24	0	1	39	14	52	1.50e-06	33.9
PITG01000004.1:c(246064-246168)	PITG01000004_c_246064-246168_	100.000	34	0	0	1	34	1	34	7.01e-21	69.3
PITG01000004.1:c(246064-246168)	JACCJH010000006_12472-12594	54.839	31	14	0	4	34	10	40	9.38e-10	41.2
PITG01000004.1:c(48268-48381)	PITG01000004_c_48268-48381_	100.000	37	0	0	1	37	1	37	1.33e-25	81.3
PITG01000005.1:7750-7866	PITG01000005_7750-7866	100.000	38	0	0	1	38	1	38	1.51e-25	81.3
PITG01000005.1:7750-7866	ACOL01000009BRL01_000009_24576-24668	84.000	25	4	0	12	36	5	29	1.05e-12	48.9
PITG01000005.1:62563-62781	PITG01000005_62563-62781	100.000	72	0	0	1	72	1	72	7.85e-51	147
PITG01000005.1:62563-62781	JACCJH010000007_c_18333-18551_	73.611	72	19	0	1	72	1	72	4.74e-35	107
PITG01000005.1:62563-62781	CP001951_66120-66326	40.299	67	40	0	6	72	2	68	1.56e-11	48.1
PITG01000005.1:123768-123923	PITG01000005_123768-123923	100.000	51	0	0	1	51	1	51	1.02e-34	105
PITG01000005.1:123768-123923	AL590449_140750-140905	86.275	51	7	0	1	51	1	51	4.11e-30	93.6
PITG01000005.1:123768-123923	ACOL01000457BRL01_000457_1707-1862	46.000	50	27	0	1	50	1	50	8.25e-16	57.8
PITG01000005.1:123768-123923	AKIJ01000004_c_715564-715719_	35.294	51	33	0	1	51	1	51	5.74e-11	45.4
PITG01000005.1:123768-123923	JH605028_36031-36186	35.294	51	33	0	1	51	1	51	1.31e-10	44.3
PITG01000005.1:123768-123923	Chr13_86864-87019	38.000	50	31	0	1	50	1	50	1.02e-08	39.7
PITG01000005.1:123768-123923	NW_003102064_47338-47505	39.535	43	25	1	10	51	13	55	2.24e-07	36.2
PITG01000005.1:c(94901-95038)	PITG01000005_c_94901-95038_	100.000	45	0	0	1	45	1	45	7.99e-29	90.1
PITG01000005.1:c(94901-95038)	JACCJH010000008_c_12881-13018_	88.889	45	5	0	1	45	1	45	2.57e-25	81.3
PITG01000005.1:c(94901-95038)	AL590449_c_109856-110011_	60.000	45	18	0	1	45	7	51	2.47e-15	56.2
PITG01000005.1:c(94901-95038)	CP001951_c_97079-97261_	53.333	45	21	0	1	45	16	60	1.22e-12	49.7
PITG01000005.1:c(85547-85723)	PITG01000005_c_85547-85723_	100.000	58	0	0	1	58	1	58	1.65e-41	122
PITG01000005.1:c(85547-85723)	JACCJH010000008_c_3560-3703_	92.857	14	1	0	1	14	1	14	2.83e-06	33.9
PITG01000005.1:c(131242-131427)	PITG01000005_c_131242-131427_	100.000	61	0	0	1	61	1	61	3.95e-42	124
PITG01000005.1:c(131242-131427)	JACCJH010000008_c_48134-48358_	79.070	43	9	0	1	43	1	43	6.47e-21	71.6
PITG01000005.1:c(121809-121952)	PITG01000005_c_121809-121952_	100.000	47	0	0	1	47	1	47	1.07e-30	94.7
PITG01000005.1:c(121809-121952)	JACCJH010000008_c_38788-38955_	55.556	45	20	0	1	45	1	45	1.79e-12	48.9
PITG01000007.1:84392-84517	PITG01000007_84392-84517	100.000	41	0	0	1	41	1	41	3.41e-27	85.5
PITG01000007.1:84392-84517	JACCJH010000009_c_29478-29573_	77.419	31	7	0	11	41	1	31	1.07e-07	36.2
PITG01000007.1:75207-75371	PITG01000007_75207-75371	100.000	54	0	0	1	54	1	54	1.25e-36	110
PITG01000007.1:75207-75371	JACCJH010000009_c_38498-38662_	81.481	54	10	0	1	54	1	54	2.08e-28	89.7
PITG01000007.1:75207-75371	CP001946_154308-154457	51.020	49	19	1	2	50	3	46	4.09e-12	48.5
PITG01000008.1:123005-123187	PITG01000008_123005-123187	100.000	60	0	0	1	60	1	60	5.57e-41	121
PITG01000008.1:123005-123187	AL590446_130862-131044	44.068	59	32	1	1	58	1	59	2.30e-10	44.3
PITG01000008.1:c(112598-112741)	PITG01000008_c_112598-112741_	100.000	47	0	0	1	47	1	47	1.05e-30	94.7
PITG01000008.1:c(112598-112741)	CP001947_c_111456-111584_	87.500	24	3	0	1	24	1	24	4.47e-11	45.4
PITG01000008.1:c(30729-30848)	PITG01000008_c_30729-30848_	100.000	39	0	0	1	39	1	39	6.11e-26	82.4
PITG01000008.1:c(30729-30848)	JACCJH010000010_104707-104850	55.882	34	15	0	6	39	3	36	2.98e-10	42.7
PITG01000008.1:c(15294-15470)	PITG01000008_c_15294-15470_	100.000	58	0	0	1	58	1	58	6.52e-39	116
PITG01000008.1:c(15294-15470)	AL590446_c_21585-21701_	51.282	39	18	1	20	58	1	38	2.94e-09	41.2
PITG01000008.1:c(15003-15236)	PITG01000008_c_15003-15236_	100.000	77	0	0	1	77	1	77	7.98e-50	145
PITG01000008.1:c(15003-15236)	JACCJH010000010_120128-120361	88.312	77	9	0	1	77	1	77	6.26e-35	107
PITG01000008.1:c(15003-15236)	AL590446_c_21283-21519_	72.368	76	21	0	1	76	1	76	9.38e-12	49.3
PITG01000008.1:c(15003-15236)	CP001947_c_7902-8138_	75.510	49	12	0	1	49	1	49	1.75e-10	45.8
PITG01000009.1:16324-16554	PITG01000009_16324-16554	100.000	76	0	0	1	76	1	76	1.87e-52	152
PITG01000009.1:16324-16554	CP001947_141722-141937	67.164	67	21	1	8	74	5	70	1.00e-28	92.0
PITG01000009.1:16324-16554	ACOL01000038BRL01_000038_c_13476-13697_	36.232	69	42	2	8	76	7	73	2.57e-09	42.7
PITG01000009.1:16324-16554	Chr11_c_437751-437960_	37.681	69	40	2	6	74	4	69	3.10e-08	40.0
PITG01000009.1:16324-16554	JH605025_331494-331691	40.625	64	33	1	10	73	5	63	2.77e-07	37.4
PITG01000009.1:16324-16554	CM017447_13433-13636	28.947	76	35	3	3	75	1	60	2.11e-06	35.0
PITG01000009.1:35541-35693	PITG01000009_35541-35693	100.000	50	0	0	1	50	1	50	1.17e-35	107
PITG01000009.1:35541-35693	JACCJH010000011_c_39950-40096_	76.190	21	5	0	1	21	1	21	1.02e-07	37.0
PITG01000009.1:c(16335-16418)	PITG01000009_c_16335-16418_	100.000	27	0	0	1	27	1	27	8.07e-17	58.5
PITG01000009.1:c(16335-16418)	JACCJH010000011_58983-59090	88.462	26	3	0	2	27	10	35	3.82e-14	52.0
PITG01000010.1:24588-24728	PITG01000010_24588-24728	100.000	46	0	0	1	46	1	46	2.27e-32	99.0
PITG01000011.1:56478-56699	PITG01000011_56478-56699	100.000	73	0	0	1	73	1	73	9.61e-51	147
PITG01000011.1:56478-56699	CP001948_110751-110972	61.111	72	28	0	1	72	1	72	1.57e-27	89.0
PITG01000011.1:56478-56699	AL590447_119838-120059	59.155	71	29	0	1	71	1	71	2.34e-25	83.2
PITG01000011.1:56478-56699	ACOL01000294BRL01_000294_c_3634-3837_	49.153	59	30	0	8	66	3	61	1.25e-15	58.5
PITG01000011.1:c(68651-68854)	PITG01000011_c_68651-68854_	100.000	67	0	0	1	67	1	67	8.77e-48	139
PITG01000011.1:c(68651-68854)	JACCJH010000012_27262-27495	67.532	77	13	1	1	65	1	77	3.99e-32	100
PITG01000011.1:c(47762-47941)	PITG01000011_c_47762-47941_	100.000	59	0	0	1	59	1	59	1.75e-41	122
PITG01000011.1:c(47762-47941)	ACOL01001655BRL01_001655_430-645	54.717	53	23	1	1	53	19	70	3.67e-16	59.3
PITG01000011.1:c(47762-47941)	JH605026_c_384936-385148_	41.379	58	29	2	1	55	15	70	1.52e-11	47.8
PITG01000012.1:64072-64224	PITG01000012_64072-64224	100.000	50	0	0	1	50	1	50	6.34e-31	95.5
PITG01000012.1:64072-64224	AL590448_78332-78475	52.632	38	18	0	13	50	10	47	2.52e-09	41.2
PITG01000012.1:105034-105174	PITG01000012_105034-105174	100.000	46	0	0	1	46	1	46	6.89e-30	92.8
PITG01000012.1:105034-105174	CP001949_100769-100876	55.882	34	14	1	4	37	1	33	4.54e-09	40.0
PITG01000012.1:105034-105174	AL590448_118648-118776	58.824	34	13	1	4	37	8	40	2.29e-08	38.5
PITG01000012.1:8754-8960	PITG01000012_8754-8960	100.000	68	0	0	1	68	1	68	5.11e-47	137
PITG01000012.1:8754-8960	JACCJH010000014_8422-8619	77.778	63	12	1	1	61	1	63	2.09e-32	100
PITG01000012.1:8754-8960	AL590448_23526-23717	36.735	49	31	0	8	56	12	60	7.47e-08	38.5
PITG01000012.1:8754-8960	CP001949_6068-6247	33.929	56	30	2	5	57	6	57	3.45e-06	34.3
PITG01000012.1:23118-23300	PITG01000012_23118-23300	100.000	60	0	0	1	60	1	60	3.78e-39	117
PITG01000012.1:23118-23300	JACCJH010000014_22359-22598	88.333	60	7	0	1	60	20	79	1.69e-34	105
PITG01000012.1:23118-23300	CP001949_19727-19912	40.000	60	36	0	1	60	1	60	2.22e-13	52.0
PITG01000012.1:72483-72701	PITG01000012_72483-72701	100.000	72	0	0	1	72	1	72	2.33e-47	138
PITG01000012.1:72483-72701	JACCJH010000014_71324-71542	87.500	72	9	0	1	72	1	72	2.70e-40	120
PITG01000012.1:c(20475-20624)	PITG01000012_c_20475-20624_	100.000	49	0	0	1	49	1	49	9.42e-31	95.1
PITG01000012.1:c(20475-20624)	JACCJH010000014_c_19913-20002_	94.737	19	1	0	1	19	1	19	5.74e-09	39.7
PITG01000012.1:c(7650-7871)	PITG01000012_c_7650-7871_	100.000	73	0	0	1	73	1	73	2.49e-51	149
PITG01000012.1:c(7650-7871)	JACCJH010000014_c_7273-7509_	89.041	73	8	0	1	73	1	73	2.72e-45	133
PITG01000012.1:c(7650-7871)	AL590448_c_22412-22636_	64.865	74	25	1	1	73	1	74	3.90e-33	102
PITG01000012.1:c(7650-7871)	CP001949_c_4950-5171_	60.274	73	29	0	1	73	1	73	4.88e-33	102
PITG01000012.1:c(7650-7871)	ACOL01000028BRL01_000028_4721-4933	35.938	64	35	1	9	72	12	69	3.50e-10	44.7
PITG01000012.1:c(18197-18301)	PITG01000012_c_18197-18301_	100.000	34	0	0	1	34	1	34	1.65e-20	68.2
PITG01000012.1:c(18197-18301)	CM017455_c_61532-61675_	67.857	28	9	0	6	33	12	39	6.58e-09	39.3
PITG01000012.1:c(18197-18301)	Chr02_c_1047488-1047598_	63.333	30	9	1	3	32	5	32	6.09e-07	34.3
PITG01000012.1:c(127789-127953)	PITG01000012_c_127789-127953_	100.000	54	0	0	1	54	1	54	3.94e-35	106
PITG01000012.1:c(127789-127953)	JACCJH010000015_70304-70417	83.333	36	6	0	18	53	1	36	1.13e-15	57.0
PITG01000013.1:c(42546-42674)	PITG01000013_c_42546-42674_	100.000	42	0	0	1	42	1	42	4.84e-27	85.1
PITG01000013.1:c(42546-42674)	JACCJH010000017_c_42498-42629_	76.190	42	10	0	1	42	1	42	1.58e-22	73.9
PITG01000014.1:6019-6168	PITG01000014_6019-6168	100.000	49	0	0	1	49	1	49	7.28e-32	97.8
PITG01000014.1:6019-6168	CP001950_c_180357-180506_	34.694	49	32	0	1	49	1	49	3.09e-06	33.1
PITG01000014.1:c(13286-13522)	PITG01000014_c_13286-13522_	100.000	78	0	0	1	78	1	78	5.98e-55	158
PITG01000014.1:c(13286-13522)	AL590451_186383-186580	84.615	65	10	0	13	77	1	65	2.91e-38	115
PITG01000014.1:c(13286-13522)	ACOL01000725BRL01_000725_c_1456-1653_	60.345	58	23	0	13	70	1	58	2.88e-22	75.5
PITG01000014.1:c(13286-13522)	ACOL01001723BRL01_001723_c_16-213_	60.345	58	23	0	13	70	1	58	2.88e-22	75.5
PITG01000014.1:c(13286-13522)	CM017450_65242-65454	46.875	64	34	0	13	76	1	64	1.80e-19	68.6
PITG01000014.1:c(13286-13522)	Chr03_c_1090626-1090823_	44.068	59	33	0	13	71	1	59	3.26e-13	52.4
PITG01000014.1:c(13286-13522)	AKIJ01000001_c_641202-641402_	37.255	51	32	0	13	63	1	51	3.51e-11	47.4
PITG01000015.1:236230-236334	PITG01000015_236230-236334	100.000	34	0	0	1	34	1	34	1.08e-20	68.9
PITG01000015.1:236230-236334	JACCJH010000020_237448-237540	70.000	30	9	0	5	34	1	30	2.01e-09	40.4
PITG01000015.1:3690-3875	PITG01000015_3690-3875	100.000	61	0	0	1	61	1	61	9.46e-41	121
PITG01000015.1:3690-3875	JACCJH010000020_8869-8988	76.923	39	9	0	23	61	1	39	3.10e-15	56.2
PITG01000015.1:3690-3875	AL590450_23294-23428	58.974	39	16	0	23	61	1	39	2.63e-09	41.6
PITG01000015.1:191661-191822	PITG01000015_191661-191822	100.000	53	0	0	1	53	1	53	1.38e-36	110
PITG01000015.1:191661-191822	JACCJH010000020_193359-193553	55.172	29	13	0	1	29	1	29	7.36e-08	37.7
PITG01000015.1:c(163413-163493)	PITG01000015_c_163413-163493_	100.000	26	0	0	1	26	1	26	1.02e-15	55.8
PITG01000015.1:c(30933-31064)	PITG01000015_c_30933-31064_	100.000	43	0	0	1	43	1	43	2.96e-28	88.6
PITG01000015.1:c(30933-31064)	JACCJH010000020_c_34896-35027_	96.154	26	1	0	1	26	13	38	1.59e-14	53.9
PITG01000015.1:c(234134-234349)	PITG01000015_c_234134-234349_	100.000	71	0	0	1	71	1	71	1.94e-48	141
PITG01000015.1:c(234134-234349)	JACCJH010000020_c_235318-235509_	79.365	63	13	0	9	71	1	63	1.29e-23	78.6
PITG01000015.1:c(130466-130567)	PITG01000015_c_130466-130567_	100.000	33	0	0	1	33	1	33	8.93e-22	71.2
PITG01000015.1:c(130466-130567)	CP001952_c_133001-133132_	93.333	15	1	0	1	15	1	15	4.17e-06	32.0
PITG01000015.1:c(9134-9343)	PITG01000015_c_9134-9343_	100.000	69	0	0	1	69	1	69	6.67e-47	137
PITG01000015.1:c(9134-9343)	JACCJH010000020_c_14216-14425_	89.855	69	7	0	1	69	1	69	1.04e-42	126
PITG01000015.1:c(9134-9343)	CP001952_c_12368-12580_	73.134	67	18	0	1	67	1	67	3.88e-35	107
PITG01000015.1:c(9134-9343)	AL590450_c_28740-28952_	68.657	67	21	0	1	67	1	67	4.35e-33	102
PITG01000015.1:c(9134-9343)	ACOL01000001BRL01_000001_c_35382-35585_	50.769	65	32	0	3	67	2	66	1.10e-21	73.6
PITG01000015.1:c(9134-9343)	Chr02_c_930211-930420_	44.444	63	35	0	1	63	1	63	8.88e-16	58.9
PITG01000015.1:c(9134-9343)	CM017447_c_223231-223431_	45.763	59	32	0	1	59	1	59	7.53e-15	56.2
PITG01000015.1:c(9134-9343)	JH605026_242487-242699	40.625	64	36	1	6	69	8	69	3.64e-10	44.7
PITG01000015.1:c(9134-9343)	NW_003102064_c_87508-87702_	38.596	57	35	0	5	61	4	60	5.21e-10	43.9
